0
99.58 s. nbIter = 23

0.3 (23)
[93.9 , 96.38, 96.39, 96.05, 93.52, 97.23, 96.68, 96.68, 95.84, 94.22]

0.4 (23)
[110.62, 111.84, 112.26, 112.39, 112.05, 111.29, 110.95, 112.11, 110.49, 98.79 ]

0.5 (23)
[109.72, 111.18, 111.27, 112.53, 112.02, 113.31, 111.66, 110.82, 111.53, 110.84]


0.6 (24)
[98.18, 97.24, 97.63, 96.95, 94.58, 97.43, 97.1 , 96.88, 94.92, 94.6]


0.7 (28)
[113.74, 115.69, 112.65, 110.64, 113.81, 112   , 112.47, 111.83, 113.6 , 109.96]


skip 5
85.75 s. nbIter = 21

skip 10
118.65 s. nbIter = 30

skip 15
158.42 s. nbIter = 40

skip 20
196.4 s. nbIter = 50


------------------------------------
Chicago
0.3 (27)
[28.67, 28.28, 28.35, 28.32, 28.29, 27.87, 27.59, 26.92, 27.99, 27.68]

0.4 (29)
[25.13, 25.91, 25.97, 25.99, 26.06, 25.99, 25.98, 26.04, 25.95, 26.14]

0.5 (29)
[26.06, 26.1 , 26.04, 26.03, 25.97, 26.03, 26.12, 25.97, 26.12, 25.64]


0.6 (33)
[24.11, 24.11, 24.11, 24.13, 24.14, 24.04, 24.11, 24.08, 24.05, 23.69]

0.7 (33)
[24.45, 24.42, 24.41, 24.42, 24.43, 24.44, 24.4 , 24.39, 24.31, 24.3]

skip 5
22.57 s. nbIter = 27

skip 10
23.47 s. nbIter = 35

skip 15
26.55 s. nbIter = 44

0
28.94 s. nbIter = 26
