0 1 0
0 2 1
1 0 2
1 5 3
2 0 4
2 3 5
2 11 6
3 2 7
3 4 8
3 10 9
4 3 10
4 5 11
4 8 12
5 1 13
5 4 14
5 7 15
6 7 16
6 17 17
7 5 18
7 6 19
7 8 20
7 15 21
8 4 22
8 7 23
8 9 24
9 8 25
9 10 26
9 14 27
9 15 28
9 16 29
10 3 30
10 9 31
10 11 32
10 13 33
11 2 34
11 10 35
11 12 36
12 11 37
12 23 38
13 10 39
13 14 40
13 22 41
14 9 42
14 13 43
14 18 44
14 21 45
15 7 46
15 9 47
15 16 48
15 17 49
16 9 50
16 15 51
16 18 52
17 6 53
17 15 54
17 19 55
18 14 56
18 16 57
18 19 58
19 17 59
19 18 60
19 20 61
19 21 62
20 19 63
20 21 64
20 23 65
21 14 66
21 19 67
21 20 68
21 22 69
22 13 70
22 21 71
22 23 72
23 12 73
23 20 74
23 22 75

