Philadelphia AstarSTL 7.6936
nbODPairs = 1149795
nbIter = 81 9.60996e-07 - gap
27697.040000000000873 | 81
MAX = 0.000000003341484 - feasibility check

Philadelphia AstarSTL random 0.5 5.7525 25% ~faster
nbODPairs = 1149795
Initialisation started
Initialisation finished
1 | 369.59 | 0.760488
2 | 631.46 | 0.0545954
3 | 886.38 | 0.0207019
4 | 1137.61 | 0.0101448
5 | 1387.15 | 0.00531207
6 | 1635.96 | 0.0031586
7 | 1884.13 | 0.00195965
8 | 2131.79 | 0.00133293
9 | 2379.74 | 0.000948177
10 | 2627.71 | 0.000703315
11 | 2875.15 | 0.000508469
12 | 3122.96 | 0.000398131
13 | 3370.54 | 0.000312264
14 | 3618.12 | 0.000241822
15 | 3866.11 | 0.000197419
16 | 4114.4 | 0.000159459
17 | 4362.17 | 0.000139066
18 | 4610.42 | 0.000118465
19 | 4858.71 | 0.000105281
20 | 5107.07 | 9.07178e-05
21 | 5355.2 | 7.29587e-05
22 | 5603.43 | 6.31699e-05
23 | 5851.72 | 5.72182e-05
24 | 6100.48 | 5.13045e-05
25 | 6349.69 | 4.64285e-05
26 | 6598.3 | 3.94935e-05
27 | 6847.92 | 3.69205e-05
28 | 7097.13 | 3.30925e-05
29 | 7346.5 | 3.10388e-05
30 | 7596.31 | 2.80962e-05
31 | 7846.17 | 2.55355e-05
32 | 8096.27 | 2.38704e-05
33 | 8346.13 | 2.24237e-05
34 | 8596.11 | 2.11191e-05
35 | 8845.95 | 2.05624e-05
36 | 9096.42 | 1.99092e-05
37 | 9346.19 | 1.89111e-05
38 | 9596.54 | 1.41373e-05
39 | 9847.03 | 1.32454e-05
40 | 10098 | 1.2167e-05
41 | 10348.7 | 1.12979e-05
42 | 10599.4 | 1.04046e-05
43 | 10850.6 | 9.80573e-06
44 | 11101.6 | 9.18404e-06
45 | 11352.9 | 8.38067e-06
46 | 11604 | 7.81815e-06
47 | 11855.4 | 7.12235e-06
48 | 12107.1 | 6.61164e-06
49 | 12358.9 | 6.10825e-06
50 | 12610.4 | 5.99757e-06
51 | 12862 | 5.70187e-06
52 | 13114 | 5.29965e-06
53 | 13366.1 | 4.83672e-06
54 | 13618.3 | 4.56364e-06
55 | 13870.1 | 4.45091e-06
56 | 14122.3 | 4.15455e-06
57 | 14374.5 | 3.97942e-06
58 | 14627.2 | 3.87526e-06
59 | 14879.6 | 3.62478e-06
60 | 15131.7 | 3.39257e-06
61 | 15384.5 | 3.24756e-06
62 | 15637.4 | 3.04829e-06
63 | 15890.2 | 2.83339e-06
64 | 16142.7 | 2.72912e-06
65 | 16395.6 | 2.43055e-06
66 | 16648.5 | 2.28112e-06
67 | 16901.7 | 2.14212e-06
68 | 17154.9 | 2.04772e-06
69 | 17408.5 | 1.94963e-06
70 | 17661.9 | 1.85538e-06
71 | 17915.2 | 1.78814e-06
72 | 18168.9 | 1.72966e-06
73 | 18422.5 | 1.68992e-06
74 | 18676.5 | 1.62053e-06
75 | 18930.6 | 1.51988e-06
76 | 19184.7 | 1.45492e-06
77 | 19438.5 | 1.374e-06
78 | 19692.9 | 1.27969e-06
79 | 19946.7 | 1.19881e-06
80 | 20200.7 | 1.13243e-06
81 | 20455 | 1.07306e-06
82 | 20709.3 | 1.03136e-06
nbIter = 83 9.9693e-07
20756.419999999998254 | 83
MAX = 0.000000001955414

ChicagoRegional 0.5 random
nbODPairs = 2296227
Initialisation started
Initialisation finished
1 | 845.18 | 0.879381
2 | 1444.9 | 0.106602
3 | 2040.1 | 0.0442279
4 | 2631.76 | 0.0222862
5 | 3222.12 | 0.0119982
6 | 3811.65 | 0.00714177
7 | 4401.16 | 0.00465971
8 | 4990.92 | 0.00322584
9 | 5581.28 | 0.00237536
10 | 6171.03 | 0.00185898
11 | 6760.32 | 0.00144714
12 | 7349.42 | 0.00118381
13 | 7938.19 | 0.000947359
14 | 8526.68 | 0.000767864
15 | 9115.66 | 0.000667662
16 | 9704.59 | 0.000567148
17 | 10293.4 | 0.000500949
18 | 10881.6 | 0.000413671
19 | 11469.9 | 0.000371605
20 | 12058.4 | 0.000322452
21 | 12646.7 | 0.000282253
22 | 13235.1 | 0.00024566
23 | 13823.6 | 0.000205611
24 | 14412.5 | 0.00019015
25 | 15001.8 | 0.000168189
26 | 15590.2 | 0.000142457
27 | 16180.1 | 0.000130968
28 | 16769.8 | 0.000120405
29 | 17359 | 0.000111331
30 | 17948.8 | 9.61278e-05
31 | 18539 | 9.01577e-05
32 | 19129.3 | 8.60088e-05
33 | 19719.3 | 8.25632e-05
34 | 20309.3 | 7.51827e-05
35 | 20898.6 | 7.16542e-05
36 | 21488.6 | 6.78604e-05
37 | 22079.7 | 6.56578e-05
38 | 22670.7 | 6.83713e-05
39 | 23261.2 | 6.7311e-05
40 | 23851.5 | 6.30799e-05
41 | 24442.6 | 6.17308e-05
42 | 25033.8 | 6.05094e-05
43 | 25624.4 | 5.86506e-05
44 | 26215.9 | 4.89928e-05
45 | 26807.5 | 4.64099e-05
46 | 27399 | 4.24868e-05
47 | 27991.5 | 4.29541e-05
48 | 28583 | 5.14237e-05
49 | 29175.3 | 4.93652e-05
50 | 29767.5 | 4.49275e-05
51 | 30359.7 | 4.73778e-05
52 | 30952.2 | 4.40481e-05
53 | 31544.4 | 4.30687e-05
54 | 32137 | 4.18098e-05
55 | 32729.9 | 4.20101e-05
56 | 33323 | 3.89612e-05
57 | 33915.6 | 3.65966e-05
58 | 34508.3 | 3.57262e-05
59 | 35101 | 3.57445e-05
60 | 35693.7 | 3.53278e-05
61 | 36286.2 | 3.52348e-05
62 | 36879.8 | 3.21742e-05
63 | 37473.1 | 3.19391e-05
64 | 38066.4 | 3.23015e-05
65 | 38659.7 | 2.98325e-05
66 | 39253.7 | 2.85829e-05
67 | 39848 | 2.72532e-05
68 | 40442 | 2.61666e-05
69 | 41035.9 | 2.48801e-05
70 | 41630 | 2.32677e-05
71 | 42224.2 | 2.19444e-05
72 | 42817.9 | 2.08845e-05
73 | 43412.3 | 1.99873e-05
74 | 44006.5 | 1.91647e-05
75 | 44601 | 1.88232e-05
76 | 45195.9 | 1.88053e-05
77 | 45790.7 | 1.82848e-05
78 | 46384.8 | 1.73805e-05
79 | 46979.5 | 1.73992e-05
80 | 47574.3 | 1.72402e-05
81 | 48168.4 | 1.71377e-05
82 | 48763.5 | 1.68287e-05
83 | 49359 | 1.56898e-05
84 | 49954.1 | 1.56417e-05
85 | 50549 | 1.46279e-05
86 | 51144.3 | 1.47331e-05
87 | 51740.3 | 1.40474e-05
88 | 52336 | 1.27755e-05
89 | 52931.7 | 1.28017e-05
90 | 53527.9 | 1.23275e-05
91 | 54123.7 | 1.17012e-05
92 | 54719.7 | 1.11786e-05
93 | 55314.9 | 1.05877e-05
94 | 55911.1 | 9.41246e-06
95 | 56506.9 | 9.47898e-06
96 | 57103.6 | 8.62307e-06
97 | 57700 | 8.77247e-06
98 | 58296.1 | 8.02327e-06
99 | 58892.3 | 8.15116e-06
100 | 59488.3 | 7.33051e-06
101 | 60084.4 | 7.16036e-06
102 | 60681.2 | 7.21582e-06
103 | 61277.5 | 7.08602e-06
104 | 61874.2 | 6.97874e-06
105 | 62470.4 | 5.99931e-06
106 | 63066.7 | 6.131e-06
107 | 63663.8 | 5.94668e-06
108 | 64260.8 | 5.24626e-06
109 | 64857.8 | 5.42651e-06
110 | 65454.5 | 5.36117e-06
111 | 66051.4 | 5.04964e-06
112 | 66648.3 | 4.89585e-06
113 | 67245.2 | 4.67237e-06
114 | 67842.3 | 4.43796e-06
115 | 68440 | 3.8702e-06
116 | 69037.9 | 3.99005e-06
117 | 69635.5 | 3.61433e-06
118 | 70232.8 | 3.55544e-06
119 | 70830.5 | 3.84188e-06
120 | 71428.4 | 3.95357e-06
121 | 72025.3 | 3.86658e-06
122 | 72622.8 | 3.78191e-06
123 | 73220.5 | 3.66251e-06
124 | 73818.7 | 3.67841e-06
125 | 74416.8 | 3.34476e-06
126 | 75014.6 | 3.24451e-06
127 | 75613.2 | 2.98903e-06
128 | 76211.1 | 2.73691e-06
129 | 76810.1 | 2.54375e-06
130 | 77408.6 | 2.3868e-06
131 | 78007.2 | 2.21005e-06
132 | 78605.5 | 2.07887e-06
133 | 79204.1 | 1.95236e-06
134 | 79803.5 | 1.82017e-06
135 | 80402.2 | 1.74156e-06
136 | 81001.2 | 1.64484e-06
137 | 81600.2 | 1.54191e-06
138 | 82200 | 1.46866e-06
139 | 82799.3 | 1.4761e-06
140 | 83398.1 | 1.39342e-06
141 | 83997.4 | 1.30662e-06
142 | 84596.5 | 1.2472e-06
143 | 85195.4 | 1.17418e-06
144 | 85794.8 | 1.10653e-06
145 | 86394 | 1.05309e-06
146 | 86993.2 | 1.00138e-06
nbIter = 147 9.4178e-07
87050.199999999997090 | 147
MAX = 0.000000038322469

nbODPairs = 2296227
Initialisation started
Initialisation finished
1 | 817.6 | 0.879381
2 | 1621.2 | 0.106602
3 | 2412.33 | 0.0464893
4 | 3200.65 | 0.0236354
5 | 3988.8 | 0.01289
6 | 4777.95 | 0.00791191
7 | 5566.66 | 0.00533624
8 | 6355.59 | 0.00380701
9 | 7144.72 | 0.00285424
10 | 7933.86 | 0.0022096
11 | 8722.25 | 0.00164923
12 | 9509.97 | 0.00128414
13 | 10297.2 | 0.00101173
14 | 11084.4 | 0.000850589
15 | 11871.1 | 0.000700909
16 | 12657.7 | 0.00057846
17 | 13444 | 0.000507273
18 | 14230 | 0.000441104
19 | 15016 | 0.000376898
20 | 15802.3 | 0.000312081
21 | 16588.7 | 0.000282609
22 | 17375.2 | 0.000235438
23 | 18161.9 | 0.000203862
24 | 18948.4 | 0.000174782
25 | 19734.9 | 0.000150926
26 | 20521.7 | 0.000136503
27 | 21308.4 | 0.000124477
28 | 22095.4 | 0.000113049
29 | 22882.5 | 0.000103886
30 | 23669.7 | 9.54201e-05
31 | 24457.3 | 8.80788e-05
32 | 25244.8 | 8.55344e-05
33 | 26032.3 | 8.19932e-05
34 | 26819.9 | 7.42697e-05
35 | 27607.7 | 6.91277e-05
36 | 28395.6 | 6.74991e-05
37 | 29183.6 | 6.18641e-05
38 | 29971.7 | 6.15638e-05
39 | 30760 | 5.54184e-05
40 | 31548.5 | 5.49969e-05
41 | 32337.2 | 5.19665e-05
42 | 33126.3 | 4.64383e-05
43 | 33915.1 | 4.38342e-05
44 | 34704.1 | 4.28701e-05
45 | 35493.1 | 4.51791e-05
46 | 36282 | 4.93729e-05
47 | 37071.3 | 4.52974e-05
48 | 37860.6 | 4.57698e-05
49 | 38650.1 | 4.74406e-05
50 | 39439.5 | 4.27137e-05
51 | 40229.2 | 4.30383e-05
52 | 41018.8 | 4.03577e-05
53 | 41808.5 | 3.99659e-05
54 | 42598.4 | 3.79933e-05
55 | 43388.6 | 3.65818e-05
56 | 44178.9 | 3.58692e-05
57 | 44969.4 | 3.50976e-05
58 | 45759.8 | 3.36356e-05
59 | 46550.4 | 3.23338e-05
60 | 47341.3 | 3.22581e-05
61 | 48132.1 | 3.35482e-05
62 | 48923.3 | 3.15311e-05
63 | 49714.2 | 3.04971e-05
64 | 50505.5 | 2.9091e-05
65 | 51296.7 | 2.84001e-05
66 | 52088.1 | 2.73655e-05
67 | 52879.5 | 2.64902e-05
68 | 53671.2 | 2.50967e-05
69 | 54463 | 2.46217e-05
70 | 55255.1 | 2.33503e-05
71 | 56047.2 | 2.25224e-05
72 | 56839.2 | 2.14636e-05
73 | 57631.4 | 2.02741e-05
74 | 58423.5 | 1.97928e-05
75 | 59215.9 | 1.86359e-05
76 | 60008.3 | 1.83201e-05
77 | 60800.8 | 1.7616e-05
78 | 61593.4 | 1.73916e-05
79 | 62386.2 | 1.73038e-05
80 | 63179.3 | 1.71017e-05
81 | 63972.7 | 1.67538e-05
82 | 64765.8 | 1.64758e-05
83 | 65558.8 | 1.60504e-05
84 | 66351.9 | 1.55859e-05
85 | 67145.2 | 1.49637e-05
86 | 67938.9 | 1.45382e-05
87 | 68732 | 1.39049e-05
88 | 69525 | 1.34422e-05
89 | 70318.2 | 1.30139e-05
90 | 71111.6 | 1.24066e-05
91 | 71905 | 1.19212e-05
92 | 72699.4 | 1.14516e-05
93 | 73492.9 | 1.10176e-05
94 | 74286.7 | 1.067e-05
95 | 75080.3 | 1.0286e-05
96 | 75874 | 9.85445e-06
97 | 76667.9 | 9.51671e-06
98 | 77462 | 9.3047e-06
99 | 78256.1 | 8.87273e-06
100 | 79051.1 | 8.57923e-06
101 | 79845.4 | 8.05286e-06
102 | 80639.9 | 7.53012e-06
103 | 81434.7 | 7.11746e-06
104 | 82229.9 | 6.65294e-06
105 | 83024.9 | 6.32786e-06
106 | 83819.4 | 5.85974e-06
107 | 84614.2 | 5.55679e-06
108 | 85409.3 | 5.20015e-06
109 | 86204.1 | 4.92183e-06
110 | 86999 | 4.65742e-06
111 | 87793.9 | 4.42741e-06
112 | 88588.7 | 4.21822e-06
113 | 89383.7 | 4.0238e-06
114 | 90178.7 | 3.89228e-06
115 | 90975.4 | 3.6956e-06
116 | 91771 | 3.62294e-06
117 | 92566.7 | 3.50742e-06
118 | 93362.6 | 3.43456e-06
119 | 94158.5 | 3.29711e-06
120 | 94954.5 | 3.17595e-06
121 | 95750.5 | 3.09898e-06
122 | 96546.8 | 2.98238e-06
123 | 97343 | 2.90349e-06
124 | 98139.3 | 2.82506e-06
125 | 98935.8 | 2.7006e-06
126 | 99732.2 | 2.60104e-06
127 | 100529 | 2.53656e-06
128 | 101325 | 2.45411e-06
129 | 102122 | 2.43489e-06
130 | 102920 | 2.44989e-06
131 | 103717 | 2.34852e-06
132 | 104514 | 2.23426e-06
133 | 105311 | 2.2088e-06
134 | 106108 | 2.33874e-06
135 | 106906 | 2.38951e-06
136 | 107703 | 2.37591e-06
137 | 108501 | 2.33846e-06
138 | 109299 | 2.18244e-06
139 | 110096 | 2.07981e-06
140 | 110894 | 1.95157e-06
141 | 111692 | 1.84421e-06
142 | 112490 | 1.81876e-06
143 | 113287 | 1.6513e-06
144 | 114085 | 1.54614e-06
145 | 114883 | 1.48409e-06
146 | 115681 | 1.35929e-06
147 | 116479 | 1.28135e-06
148 | 117277 | 1.22188e-06
149 | 118076 | 1.12853e-06
150 | 118874 | 1.07003e-06
151 | 119672 | 1.00668e-06
nbIter = 152 9.4568e-07
119728.630000000004657 | 152
MAX = 0.000000038595317
