1 86
86 85
85 84
85 188
84 83
83 82
82 81
82 260
81 80
80 79
80 258
79 78
78 77
78 255
77 76
76 75
76 140
140 139
188 187
187 186
139 138
139 264
186 185
186 271
185 184
184 183
138 137
183 91
183 111
183 182
111 110
110 109
110 290
109 108
108 107
108 288
107 106
106 105
106 283
260 259
260 268
105 104
258 257
258 266
104 103
104 278
103 102
137 59
137 136
137 235
136 135
255 254
255 265
102 58
102 60
102 236
60 135
135 134
134 133
134 297
133 132
132 131
264 263
271 270
271 272
131 130
131 313
130 129
290 289
290 303
288 287
288 302
129 128
129 323
283 282
283 284
128 127
127 126
278 277
278 279
126 125
126 349
125 124
297 296
297 298
259 65
124 123
124 365
257 67
257 256
123 122
254 69
254 253
122 121
122 381
313 312
313 314
121 120
265 23
265 38
265 276
284 285
120 119
119 118
119 399
263 142
263 262
270 191
270 269
323 322
323 324
349 348
349 350
289 93
279 299
287 95
287 286
282 97
282 281
365 364
365 366
277 99
266 23
266 38
266 267
266 280
280 281
299 298
299 300
299 315
298 238
298 276
298 314
381 380
381 382
296 147
296 295
268 24
268 39
238 237
237 54
312 309
312 324
285 301
322 152
322 321
399 398
399 400
348 155
348 347
59 101
59 229
229 228
228 227
228 276
301 26
301 41
301 300
301 310
324 325
324 339
398 162
398 397
400 36
400 51
400 383
295 275
364 157
364 363
91 90
309 150
182 181
397 396
382 383
383 384
181 180
90 89
180 179
180 306
306 305
306 307
305 197
305 304
197 196
380 159
380 379
65 64
89 88
89 292
292 273
292 293
293 114
293 294
196 195
114 113
64 63
113 112
63 62
272 25
272 40
272 261
272 291
39 267
267 286
112 194
302 26
302 27
302 41
302 42
302 318
303 27
303 42
303 311
315 314
315 316
315 327
314 326
350 351
339 29
339 44
396 19
366 367
path
1 86
86 85
85 188
188 187
187 186
186 185
185 184
184 183
183 111
111 110
110 109
109 108
108 107
107 106
106 105
105 104
104 103
103 102
102 60
60 135
135 134
134 133
133 132
132 131
131 130
130 129
129 128
128 127
127 126
126 125
125 124
124 123
123 122
122 121
121 120
120 119
119 399
399 398
398 397
397 396
396 19
