368 914
914 913
914 915
913 367
913 388
913 779
913 784
913 792
388 389
388 800
389 387
389 924
387 390
387 707
387 801
390 391
390 708
390 714
391 392
391 712
391 716
392 393
392 711
392 715
393 394
393 583
393 600
394 395
394 599
395 396
396 397
396 587
396 603
397 398
397 399
397 402
398 536
398 608
708 162
708 710
708 802
536 535
536 607
536 609
535 437
535 614
603 57
603 586
603 604
603 605
437 436
437 438
437 534
437 539
608 62
608 591
608 610
712 166
609 63
609 678
599 53
599 601
604 58
604 606
715 169
715 717
707 161
707 713
707 912
436 435
436 553
436 555
600 54
600 602
614 68
614 612
614 621
399 400
402 403
607 61
607 590
403 404
403 674
403 679
610 64
711 165
711 709
539 582
800 254
801 255
801 793
438 439
438 613
553 7
553 434
553 618
553 624
915 369
915 916
916 370
916 780
916 781
916 917
781 235
781 782
781 786
786 240
786 785
786 788
786 790
786 794
794 248
794 796
794 798
802 256
802 804
802 806
716 170
716 718
404 405
404 487
487 486
487 681
435 495
486 680
586 40
586 584
534 485
710 164
582 36
485 479
485 626
485 690
583 37
583 585
583 767
583 807
798 252
798 797
804 258
804 803
587 41
803 257
803 805
805 259
779 233
709 163
780 234
785 239
793 247
479 478
479 480
479 482
479 483
790 244
790 789
796 250
796 795
612 66
612 595
495 494
495 552
806 260
679 133
613 67
613 611
478 477
478 628
478 692
792 246
439 440
797 251
797 799
807 261
434 433
434 551
605 59
494 493
494 550
494 559
767 221
767 756
767 769
767 771
771 225
771 770
585 39
782 236
782 783
782 787
782 918
787 241
787 791
789 243
784 238
795 249
621 75
621 554
621 622
791 245
791 745
783 237
783 737
737 191
737 739
737 741
737 919
739 193
739 738
738 192
738 418
738 740
738 920
418 417
418 419
418 742
419 420
419 750
419 751
420 421
420 752
420 753
421 422
421 761
421 765
493 492
493 560
493 562
422 423
422 763
422 766
423 424
423 772
423 776
799 253
756 210
756 758
756 760
760 214
760 759
769 223
769 768
424 425
424 774
424 778
425 426
745 199
745 747
745 749
680 134
601 55
601 670
606 60
606 675
690 144
690 691
426 427
426 593
681 135
427 428
427 430
477 476
477 632
477 702
430 431
430 592
430 596
492 491
492 496
492 561
492 563
749 203
749 748
748 202
748 746
748 757
753 207
753 762
480 481
758 212
626 80
626 625
552 6
552 549
591 45
591 589
551 5
551 547
551 617
714 168
714 720
559 13
559 557
741 195
770 224
770 775
584 38
431 432
431 594
431 598
778 232
778 777
788 242
483 484
476 475
476 502
476 503
747 201
746 200
751 205
405 406
405 676
400 401
759 213
759 764
764 218
764 773
763 217
752 206
752 755
917 371
918 372
918 923
919 373
920 374
740 194
417 921
417 922
761 215
503 504
503 634
482 538
670 124
670 671
670 672
675 129
675 677
674 128
618 72
618 616
432 615
692 146
692 693
560 14
555 9
555 556
555 623
502 501
496 497
624 78
768 222
678 132
595 49
428 429
776 230
777 231
497 498
497 532
625 79
625 629
484 488
484 627
742 196
742 743
742 744
504 505
504 633
504 638
634 88
634 639
634 704
773 227
772 226
532 531
532 567
532 568
757 211
762 216
611 65
602 56
632 86
632 631
491 490
593 47
593 588
592 46
561 15
561 558
561 566
691 145
590 44
775 229
616 70
562 16
628 82
505 506
505 643
563 17
563 564
774 228
406 407
406 686
531 530
531 573
671 125
671 673
671 721
717 171
766 220
721 175
721 722
721 723
598 52
598 597
750 204
750 754
594 48
488 489
488 630
924 378
407 408
407 688
589 43
554 8
506 507
506 577
506 645
638 92
638 640
718 172
633 87
633 570
633 636
693 147
564 18
530 528
530 572
622 76
629 83
765 219
538 703
550 4
550 548
713 167
713 719
507 449
507 508
672 126
672 682
498 499
677 131
677 687
676 130
567 21
508 509
508 658
508 666
596 50
588 42
722 176
722 724
566 20
566 565
528 527
528 529
527 525
527 574
702 156
568 22
568 569
568 571
558 12
408 409
408 537
658 112
658 653
658 656
658 657
720 174
720 726
726 180
726 414
726 725
726 728
726 730
730 184
730 413
730 729
413 412
413 734
509 510
509 665
631 85
631 635
755 209
510 511
510 520
510 521
412 411
412 733
639 93
639 637
639 641
573 27
501 500
623 77
414 415
414 732
687 141
687 689
673 127
673 683
686 140
411 410
719 173
725 179
415 416
415 731
556 10
549 3
657 111
657 655
657 660
574 28
574 579
574 580
627 81
410 684
410 694
511 512
511 669
617 71
617 620
682 136
615 69
615 619
734 188
734 736
409 699
684 138
684 685
689 143
557 11
688 142
688 698
733 187
733 695
733 735
537 473
645 99
645 644
645 652
703 157
703 705
724 178
728 182
728 727
729 183
473 472
473 700
640 94
640 647
723 177
643 97
643 642
727 181
704 158
660 114
660 659
660 901
512 513
512 904
635 89
525 526
525 540
525 545
705 159
705 474
475 706
698 152
565 19
912 366
912 863
416 925
513 514
513 902
754 208
694 148
694 696
514 515
514 533
514 543
514 931
515 516
515 905
905 359
905 903
905 907
905 908
905 930
930 384
path
384 930
930 905
905 515
515 514
514 513
513 512
512 511
511 510
510 509
509 508
508 507
507 506
506 505
505 504
504 503
503 476
476 477
477 478
478 479
479 485
485 534
534 486
486 487
487 404
404 403
403 402
402 397
397 396
396 395
395 394
394 393
393 392
392 391
391 390
390 387
387 389
389 388
388 913
913 914
914 368
