13 153
153 152
153 154
153 155
152 141
141 138
141 140
141 142
140 139
140 146
139 133
133 125
133 137
133 12
125 126
125 130
126 129
126 131
126 132
126 11
131 134
134 137
134 143
143 442
442 128
442 151
442 480
442 482
442 14
482 148
482 443
148 149
148 485
485 486
486 487
486 490
490 432
490 489
490 491
489 449
449 446
449 493
446 434
446 453
434 495
434 504
434 52
504 500
500 503
500 854
137 136
137 144
144 135
144 145
135 147
135 448
448 488
488 447
503 549
549 535
549 568
549 51
535 547
535 567
493 492
493 496
496 470
496 497
470 471
470 494
471 433
471 582
582 573
582 629
582 659
659 658
659 666
666 614
614 567
151 147
151 149
138 136
138 506
136 145
136 512
145 511
547 546
547 832
491 462
491 467
467 466
467 469
149 150
150 447
150 483
483 452
483 484
452 453
433 445
433 566
546 541
546 622
546 61
443 440
443 451
451 432
432 439
432 462
541 539
541 833
541 63
142 120
120 117
120 119
120 12
119 121
119 11
119 378
378 454
378 456
456 441
539 537
539 538
539 811
539 60
539 921
441 480
480 455
480 479
480 481
479 394
479 478
478 450
478 477
477 385
477 439
477 476
439 44
811 809
811 812
811 817
811 62
454 435
435 372
435 379
379 390
390 380
390 391
380 364
380 385
380 424
476 425
476 475
475 458
475 474
458 459
458 461
461 431
809 806
809 818
809 899
809 59
658 608
658 657
657 656
657 664
656 606
656 655
655 632
655 654
654 612
654 661
612 638
612 653
653 611
653 652
652 644
652 651
651 609
651 926
466 465
465 444
465 464
444 468
444 498
444 630
630 579
630 631
631 499
631 633
631 42
633 634
633 637
637 599
637 639
579 580
599 600
599 603
603 571
603 605
580 572
580 607
605 632
607 608
497 468
497 498
498 445
926 168
926 554
926 927
168 167
168 169
168 174
174 173
173 165
173 800
173 46
464 430
464 463
463 635
635 591
635 596
596 595
596 636
596 41
639 640
639 642
642 598
642 645
598 577
598 602
602 601
602 643
636 634
595 569
595 594
594 593
594 641
641 640
818 810
818 892
424 409
424 423
409 381
409 412
412 43
892 859
892 895
892 913
892 69
895 889
895 58
895 67
889 798
889 901
889 911
889 912
572 578
572 604
901 888
901 896
901 56
474 411
474 473
473 457
473 472
457 438
457 460
460 430
472 410
472 625
625 436
625 585
625 627
627 587
627 626
587 590
587 628
590 569
888 166
888 172
888 53
888 54
172 93
172 100
172 161
172 171
172 45
path
13 153
153 152
152 141
141 140
140 139
139 133
133 125
125 126
126 131
131 134
134 143
143 442
442 482
482 148
148 485
485 486
486 490
490 489
489 449
449 446
446 434
434 504
504 500
500 503
503 549
549 535
535 547
547 546
546 541
541 539
539 811
811 809
809 818
818 892
892 895
895 889
889 901
901 888
888 172
172 100
