forwardtree
384 930
930 905
905 359
905 515
905 903
905 904
905 907
905 908
515 514
515 516
515 902
514 513
514 533
514 543
514 931
907 361
907 906
907 910
907 911
516 517
903 357
533 542
533 932
904 358
904 512
904 669
904 853
902 356
902 541
902 542
908 362
513 512
542 526
931 385
517 911
517 929
906 360
906 860
906 909
911 365
541 526
541 901
526 525
526 545
853 307
853 849
853 851
512 511
910 364
910 909
669 123
669 518
669 520
932 386
901 355
901 540
901 659
901 660
849 303
849 667
849 850
851 305
851 852
851 859
860 314
860 859
860 887
511 510
511 660
518 519
518 667
929 383
660 114
660 657
520 665
667 121
667 668
665 119
665 509
665 666
525 527
525 540
852 306
852 848
540 581
510 509
510 521
909 363
909 893
850 304
509 508
509 657
859 313
859 858
657 111
657 655
657 658
659 113
668 122
668 663
666 120
666 661
521 522
508 507
508 658
887 341
887 886
581 35
581 578
581 579
581 580
658 112
658 653
658 656
655 109
848 302
848 446
848 664
663 117
663 447
446 445
446 847
507 449
507 506
858 312
661 115
661 448
447 664
653 107
653 450
653 451
893 347
893 892
656 110
656 524
656 646
664 118
664 662
664 842
578 32
578 577
578 646
449 452
448 662
579 33
579 544
579 574
579 577
527 528
527 572
527 574
580 34
522 529
522 544
450 654
544 523
544 576
451 651
886 340
886 885
662 116
662 840
847 301
847 843
847 846
847 857
445 444
445 857
574 28
574 573
528 530
646 100
646 523
646 644
842 296
842 843
654 108
654 649
654 652
651 105
651 652
857 311
857 856
576 30
576 575
530 531
452 453
506 505
506 645
840 294
840 841
572 26
572 568
572 571
577 31
577 642
892 346
892 897
892 900
644 98
573 27
573 567
645 99
645 640
645 643
843 297
843 838
531 532
531 568
652 106
652 647
649 103
649 650
444 443
444 884
885 339
885 891
846 300
846 839
846 845
532 497
841 295
841 836
505 504
505 638
505 643
567 21
567 564
642 96
568 22
568 498
568 569
640 94
640 641
838 292
838 839
575 29
575 636
647 101
647 648
638 92
638 639
497 496
856 310
856 855
571 25
571 570
650 104
650 826
643 97
496 492
443 442
504 503
504 633
498 499
498 566
836 290
836 837
564 18
564 563
897 351
897 441
897 899
884 338
884 862
633 87
633 501
633 634
641 95
641 637
566 20
566 561
566 565
639 93
891 345
891 896
839 293
839 834
453 454
492 491
492 493
492 561
648 102
648 824
569 23
826 280
826 827
563 17
563 562
499 500
499 565
845 299
845 835
845 844
837 291
837 832
561 15
561 558
491 490
491 560
636 90
442 896
503 476
503 502
503 634
570 24
570 500
570 630
570 631
634 88
634 704
502 632
900 354
476 475
476 477
454 455
454 832
562 16
562 550
834 288
834 835
493 494
493 560
565 19
855 309
855 854
899 353
560 14
560 557
560 559
824 278
824 825
637 91
637 706
637 814
827 281
827 822
500 635
441 898
441 928
501 631
832 286
832 833
490 489
490 558
862 316
862 861
862 889
635 89
635 630
455 456
455 833
632 86
632 628
477 478
477 702
550 4
550 548
550 549
558 12
558 556
704 158
704 705
896 350
896 890
475 474
494 495
494 559
835 289
835 830
898 352
898 895
559 13
559 552
559 555
833 287
833 823
833 828
825 279
825 820
474 472
822 276
822 820
822 823
557 11
489 488
844 298
844 458
844 466
844 874
456 457
456 828
456 830
631 85
631 627
702 156
702 692
702 703
706 160
488 484
488 629
830 284
814 268
814 470
814 471
495 435
495 552
457 458
457 467
548 2
548 546
630 84
705 159
705 473
854 308
854 465
854 877
628 82
628 483
928 382
478 479
478 692
472 812
549 3
549 547
549 551
552 6
552 551
458 459
458 831
435 434
435 436
820 274
820 821
556 10
556 623
890 344
823 277
823 468
465 464
828 282
828 818
629 83
629 625
812 266
812 700
812 813
831 285
831 829
831 871
479 480
479 482
479 485
703 157
703 537
703 538
473 537
473 700
467 829
470 469
470 815
555 9
555 554
861 315
861 888
627 81
484 625
815 269
815 810
483 626
889 343
480 481
480 690
692 146
692 482
692 693
434 433
434 553
700 154
700 698
700 701
backwardtree
368 914
914 913
914 915
915 369
915 779
915 916
916 370
916 780
916 781
916 917
779 233
779 780
779 784
913 367
913 388
913 792
780 234
780 785
917 371
917 782
917 918
781 235
781 782
781 786
784 238
388 389
388 800
785 239
785 793
389 387
389 924
792 246
782 236
782 783
782 787
782 788
786 240
786 790
786 794
918 372
918 919
918 923
800 254
800 801
800 912
783 237
783 737
783 791
787 241
787 789
787 791
788 242
793 247
790 244
790 796
924 378
794 248
794 798
794 802
919 373
919 739
919 920
737 191
737 739
737 741
737 745
789 243
789 795
791 245
791 745
791 799
796 250
387 390
387 707
923 377
801 255
739 193
739 738
798 252
798 797
798 804
795 249
795 799
707 161
707 708
707 713
745 199
745 747
745 749
745 756
741 195
741 740
741 747
802 256
802 806
920 374
920 417
920 742
804 258
804 803
797 251
390 391
390 708
390 714
799 253
799 756
799 807
738 192
738 418
708 162
708 710
708 712
747 201
747 746
749 203
749 748
749 758
740 194
417 921
417 922
803 257
803 805
803 807
806 260
713 167
713 719
756 210
756 760
756 767
391 392
391 712
391 716
418 419
418 742
746 200
746 751
712 166
712 711
712 715
758 212
758 757
710 164
714 168
714 718
714 720
742 196
742 743
742 744
742 750
807 261
807 583
807 767
392 393
392 711
392 715
748 202
748 753
805 259
805 709
716 170
716 718
921 375
760 214
760 759
760 769
715 169
715 600
715 717
711 165
711 583
419 420
419 750
751 205
393 394
393 583
393 600
767 221
767 771
757 211
757 762
719 173
719 725
709 163
922 376
718 172
718 722
753 207
759 213
759 764
759 768
769 223
750 204
750 752
750 754
394 395
394 599
720 174
720 724
720 726
912 366
912 416
912 863
600 54
600 602
420 421
420 752
717 171
717 721
743 197
752 206
752 755
752 761
599 53
599 601
599 604
744 198
762 216
722 176
771 225
771 585
771 770
768 222
768 773
416 415
416 731
416 925
583 37
583 587
395 396
421 422
421 765
764 218
764 763
764 773
602 56
602 671
754 208
721 175
721 723
761 215
601 55
601 606
601 670
725 179
725 415
604 58
604 603
724 178
724 728
396 397
396 603
755 209
415 414
415 731
585 39
585 584
770 224
770 584
770 775
422 423
422 766
726 180
726 414
726 730
603 57
603 398
603 586
603 605
671 125
671 673
773 227
773 772
763 217
397 398
397 399
397 402
765 219
723 177
723 727
398 536
398 608
606 60
606 675
670 124
670 672
670 675
587 41
925 379
728 182
608 62
608 591
608 607
608 610
423 424
423 776
775 229
775 589
775 774
399 400
584 38
584 400
766 220
586 40
402 403
402 610
731 185
731 732
731 863
414 413
414 732
673 127
673 683
772 226
605 59
605 674
730 184
730 413
730 729
400 401
400 589
727 181
675 129
675 674
675 677
672 126
672 677
672 682
610 64
610 609
610 679
424 425
424 778
536 535
536 609
776 230
776 777
589 43
589 588
607 61
607 590
607 612
774 228
732 186
732 734
732 736
732 864
609 63
609 614
609 678
778 232
778 426
403 404
403 679
591 45
413 412
413 734
425 426
425 440
734 188
734 733
683 137
679 133
679 487
729 183
729 685
426 427
426 593
677 131
677 676
677 687
404 405
404 487
535 437
674 128
682 136
682 684
412 411
412 733
487 486
487 681
593 47
593 592
593 595
612 66
612 439
777 231
777 428
777 596
733 187
733 695
733 735
588 42
614 68
614 438
614 621
863 317
863 866
678 132
678 680
405 406
590 44
440 595
437 436
437 534
437 539
736 190
736 865
427 428
427 430
685 139
439 611
486 534
486 680
411 410
595 49
595 594
687 141
687 686
687 689
681 135
681 691
438 613
428 429
864 318
864 867
676 130
430 431
430 596
684 138
684 689
539 582
539 621
582 36
680 134
680 622
680 690
592 46
695 149
695 694
695 697
406 407
735 189
410 409
410 694
613 67
613 553
613 618
611 65
611 616
621 75
621 554
621 624
596 50
596 598
691 145
691 693
694 148
694 696
694 699
534 485
689 143
689 688
594 48
686 140
431 432
431 598
485 479
485 626
436 435
436 553
436 555
path
384 930
930 905
905 515
515 514
514 513
513 512
512 511
511 510
510 509
509 508
508 507
507 506
506 505
505 504
504 503
503 476
476 477
477 478
478 479
479 485
485 534
534 486
486 487
487 404
404 403
403 402
402 397
397 396
396 395
395 394
394 393
393 392
392 391
391 390
390 387
387 389
389 388
388 913
913 914
914 368
