forwardtree
170 716
716 391
716 714
716 715
716 718
391 390
391 392
391 712
718 172
718 717
718 722
715 169
715 600
717 171
717 602
717 721
722 176
722 720
722 724
724 178
724 723
724 728
721 175
721 671
392 393
392 711
728 182
728 726
728 727
728 730
723 177
723 673
727 181
727 683
727 729
600 54
600 599
729 183
729 412
729 685
730 184
730 413
683 137
683 682
602 56
602 601
backwardtree
142 688
688 407
688 686
688 689
688 698
407 406
407 408
407 693
689 143
689 409
689 684
689 687
406 405
406 691
684 138
684 410
684 682
684 685
686 140
686 676
405 404
405 681
404 403
404 487
685 139
685 729
682 136
682 672
682 683
676 130
676 674
676 677
674 128
674 605
674 675
672 126
672 670
672 673
687 141
677 131
673 127
673 671
673 723
670 124
670 601
683 137
683 727
path
170 716
716 718
718 722
722 724
724 723
723 727
727 683
683 682
682 684
684 689
689 688
688 142
