384 930
930 905
905 359
905 515
905 903
905 904
905 907
905 908
515 514
515 516
515 902
514 513
514 533
514 543
514 931
907 361
907 906
907 910
907 911
516 517
903 357
533 542
533 932
904 358
904 512
904 669
904 853
902 356
902 541
902 542
908 362
513 512
542 526
931 385
517 911
517 929
906 360
906 860
906 909
911 365
541 526
541 901
526 525
526 545
853 307
853 849
853 851
512 511
910 364
910 909
669 123
669 518
669 520
932 386
901 355
901 540
901 659
901 660
849 303
849 667
849 850
545 525
851 305
851 852
851 859
860 314
860 859
860 887
511 510
511 660
518 519
518 667
929 383
660 114
660 657
520 665
667 121
667 668
665 119
665 509
665 666
525 527
525 540
852 306
852 848
540 581
510 509
510 521
909 363
909 893
850 304
509 508
509 657
859 313
859 858
657 111
657 655
657 658
659 113
668 122
668 663
666 120
666 661
521 522
508 507
508 658
887 341
887 886
581 35
581 578
581 579
581 580
658 112
658 653
658 656
655 109
848 302
848 446
848 664
663 117
663 447
446 445
446 847
507 449
507 506
858 312
661 115
661 448
447 664
653 107
653 450
653 451
893 347
893 892
656 110
656 524
656 646
664 118
664 662
664 842
578 32
578 577
578 646
449 452
448 662
579 33
579 544
579 574
579 577
527 528
527 572
527 574
580 34
522 529
522 544
450 654
544 523
544 576
451 651
886 340
886 885
662 116
662 840
847 301
847 843
847 846
847 857
445 444
445 857
574 28
574 573
528 530
646 100
646 523
646 644
842 296
842 843
654 108
654 649
654 652
651 105
651 652
857 311
857 856
576 30
576 575
530 531
452 453
506 505
506 645
840 294
840 841
572 26
572 568
572 571
577 31
577 642
892 346
892 897
892 900
644 98
573 27
573 567
645 99
645 640
645 643
843 297
843 838
531 532
531 568
652 106
652 647
649 103
649 650
444 443
444 884
885 339
885 891
846 300
846 839
846 845
532 497
841 295
841 836
505 504
505 638
505 643
567 21
567 564
642 96
568 22
568 498
568 569
640 94
640 641
838 292
838 839
575 29
575 636
647 101
647 648
638 92
638 639
497 496
856 310
856 855
571 25
571 570
650 104
650 826
643 97
496 492
443 442
504 503
504 633
498 499
498 566
836 290
836 837
564 18
564 563
897 351
897 441
897 899
884 338
884 862
633 87
633 501
633 634
641 95
641 637
566 20
566 561
566 565
639 93
891 345
891 896
839 293
839 834
453 454
492 491
492 493
492 561
648 102
648 824
569 23
826 280
826 827
563 17
563 562
499 500
499 565
845 299
845 835
845 844
837 291
837 832
561 15
561 558
491 490
491 560
636 90
442 896
503 476
503 502
503 634
570 24
570 500
570 630
570 631
634 88
634 704
502 632
900 354
476 475
476 477
454 455
454 832
562 16
562 550
834 288
834 835
493 494
493 560
565 19
855 309
855 854
899 353
560 14
560 557
560 559
824 278
824 825
637 91
637 706
637 814
827 281
827 822
500 635
441 898
441 928
501 631
832 286
832 833
490 489
490 558
862 316
862 861
862 889
635 89
635 630
455 456
455 833
632 86
632 628
477 478
477 702
550 4
550 548
550 549
558 12
558 556
704 158
704 705
896 350
896 890
475 474
494 495
494 559
835 289
835 830
898 352
898 895
559 13
559 552
559 555
833 287
833 823
833 828
825 279
825 820
474 472
822 276
822 820
822 823
557 11
489 488
844 298
844 458
844 466
844 874
456 457
456 828
456 830
631 85
631 627
702 156
702 692
702 703
706 160
488 484
488 629
830 284
814 268
814 470
814 471
495 435
495 552
457 458
457 467
548 2
548 546
630 84
705 159
705 473
854 308
854 465
854 877
628 82
628 483
928 382
478 479
478 692
472 812
549 3
549 547
549 551
552 6
552 551
458 459
458 831
435 434
435 436
820 274
820 821
556 10
556 623
890 344
823 277
823 468
465 464
828 282
828 818
629 83
629 625
812 266
812 700
812 813
831 285
831 829
831 871
479 480
479 482
479 485
703 157
703 537
703 538
473 537
473 700
467 829
470 469
470 815
555 9
555 554
861 315
861 888
627 81
484 625
815 269
815 810
483 626
889 343
480 481
480 690
692 146
692 482
692 693
434 433
434 553
700 154
700 698
700 701
485 534
546 0
546 620
874 328
874 873
821 275
534 437
534 486
551 5
551 617
551 618
818 272
818 816
818 819
829 283
459 460
625 79
625 623
813 267
813 808
895 349
895 894
626 80
626 622
537 408
537 698
547 1
436 437
436 553
690 144
690 680
690 691
698 152
698 688
698 699
469 816
810 264
810 811
464 463
464 880
553 7
553 613
553 621
553 624
433 432
433 618
620 74
620 619
877 331
877 876
816 270
816 817
701 155
701 696
693 147
693 407
618 72
618 616
871 325
871 868
871 870
408 409
819 273
819 868
486 487
486 681
808 262
808 809
554 8
880 334
880 879
880 883
617 71
617 615
432 431
623 77
407 406
680 134
680 678
888 342
691 145
691 406
619 73
619 597
699 153
699 694
624 78
811 265
811 865
622 76
616 70
616 594
616 598
616 611
873 327
873 872
696 150
696 697
817 271
460 461
688 142
688 686
688 689
487 404
487 679
437 438
437 535
437 539
409 410
409 689
681 135
681 405
613 67
615 69
406 686
431 430
431 598
404 403
894 348
809 263
463 462
463 882
868 322
868 867
598 52
598 596
621 75
621 614
597 51
686 140
686 676
686 687
438 439
438 614
870 324
870 869
535 536
535 614
403 402
403 674
405 676
876 330
876 875
539 582
689 143
689 684
697 151
697 695
697 735
679 133
679 610
410 411
410 684
611 65
611 595
594 48
594 592
594 595
694 148
678 132
678 609
883 337
614 68
614 612
461 875
461 926
430 427
430 592
676 130
676 677
879 333
879 878
865 319
865 736
865 864
439 440
439 612
882 336
882 881
462 927
427 426
427 428
674 128
674 605
674 675
582 36
592 46
592 593
411 412
684 138
684 682
684 685
536 398
536 607
536 609
402 397
402 605
596 50
596 777
428 429
428 777
687 141
872 326
695 149
695 733
735 189
595 49
612 66
612 590
610 64
610 608
609 63
440 425
440 590
867 321
867 866
875 329
412 413
412 729
412 733
677 131
677 672
777 231
777 776
777 778
426 425
426 778
397 396
397 398
397 399
607 61
607 591
605 59
605 603
605 606
733 187
733 734
685 139
675 129
675 670
682 136
682 683
869 323
593 47
593 588
398 603
398 608
425 424
736 190
736 732
399 400
399 586
590 44
590 588
608 62
864 318
864 863
413 414
413 730
413 734
778 232
396 395
396 587
926 380
878 332
734 188
729 183
729 727
424 423
424 774
672 126
672 673
881 335
606 60
606 601
606 604
670 124
670 671
776 230
776 766
603 57
603 604
591 45
591 589
395 394
683 137
587 41
587 583
587 585
730 184
730 726
730 728
588 42
774 228
774 772
774 775
400 401
400 584
400 589
423 422
423 772
414 415
866 320
732 186
732 731
673 127
673 723
727 181
727 723
586 40
584 38
584 770
772 226
772 763
772 773
671 125
671 602
671 721
589 43
394 393
394 599
604 58
601 55
766 220
766 765
863 317
863 912
599 53
599 600
422 421
422 763
728 182
728 724
775 229
585 39
585 771
393 392
393 600
726 180
726 720
726 725
723 177
583 37
583 709
583 711
583 767
583 807
721 175
721 717
721 722
770 224
770 768
602 56
763 217
763 761
763 764
773 227
773 764
415 416
415 725
927 381
765 219
765 755
421 420
421 761
600 54
600 715
725 179
725 719
725 912
731 185
771 225
771 767
771 769
392 391
392 711
392 715
724 178
761 215
761 752
761 762
717 171
717 718
764 218
764 759
722 176
715 169
715 712
715 716
768 222
768 759
420 419
420 752
420 753
711 165
711 712
391 390
391 712
391 716
416 912
416 925
755 209
755 754
709 163
709 805
752 206
752 750
720 174
720 714
769 223
769 760
712 166
712 708
712 710
762 216
762 757
767 221
767 756
718 172
753 207
753 748
753 751
419 418
419 751
716 170
759 213
912 366
912 707
912 713
912 800
719 173
719 713
390 387
390 708
805 259
805 803
805 806
751 205
751 742
751 746
760 214
760 756
760 758
708 162
708 707
708 802
754 208
754 744
750 204
807 261
807 799
710 164
710 806
757 211
925 379
748 202
748 749
418 417
418 738
418 742
714 168
803 257
803 797
803 804
758 212
806 260
742 196
742 740
742 743
742 920
742 921
746 200
746 740
746 747
756 210
756 745
756 799
744 198
744 743
387 389
387 801
713 167
804 258
804 798
707 161
749 203
738 192
738 739
802 256
802 794
797 251
797 795
417 920
417 921
417 922
740 194
740 741
799 253
799 791
743 197
747 201
747 741
801 255
801 793
801 800
798 252
798 796
920 374
920 919
745 199
745 737
745 791
739 193
739 737
795 249
795 789
741 195
921 375
796 250
796 790
794 248
794 786
737 191
737 783
789 243
789 787
791 245
389 388
389 924
922 376
800 254
800 792
793 247
793 785
790 244
790 788
919 373
919 918
787 241
787 782
783 237
783 782
388 913
788 242
786 240
786 781
924 378
792 246
792 784
785 239
785 780
782 236
782 917
913 367
913 779
913 914
918 372
918 917
918 923
781 235
781 916
780 234
780 779
784 238
917 371
923 377
916 370
916 915
779 233
915 369
914 368
path
384 930
930 905
905 515
515 514
514 513
513 512
512 511
511 510
510 509
509 508
508 507
507 506
506 505
505 504
504 503
503 476
476 477
477 478
478 479
479 485
485 534
534 486
486 487
487 404
404 403
403 402
402 397
397 396
396 395
395 394
394 393
393 392
392 391
391 390
390 387
387 389
389 388
388 913
913 914
914 368
