170 716
716 391
716 714
716 715
716 718
391 390
391 392
391 712
718 172
718 717
718 722
715 169
715 392
715 600
717 171
717 602
717 721
392 393
392 711
721 175
721 671
721 723
722 176
722 720
722 724
724 178
724 723
724 728
723 177
723 673
723 727
727 181
727 683
727 729
729 183
729 412
729 685
729 730
393 394
393 583
728 182
728 726
728 730
602 56
602 601
683 137
683 682
394 395
394 599
682 136
682 672
682 684
682 687
671 125
671 670
685 139
600 54
600 599
670 124
670 672
670 675
684 138
684 410
684 689
730 184
730 413
673 127
673 672
689 143
689 409
689 688
672 126
672 677
712 166
712 708
712 710
712 711
688 142
688 407
688 686
688 698
path
170 716
716 718
718 722
722 724
724 723
723 727
727 683
683 682
682 684
684 689
689 688
688 142
