384 930
930 905
905 359
905 515
905 903
905 904
905 907
905 908
515 514
515 516
515 902
902 356
902 513
902 541
902 542
902 543
542 526
542 533
514 513
514 533
514 543
514 931
533 932
541 526
541 901
526 525
526 545
545 525
525 527
525 540
540 581
513 512
903 357
512 511
904 358
904 669
904 853
904 906
527 528
527 572
527 574
528 529
528 530
511 510
511 660
510 509
510 520
510 521
509 508
509 657
509 665
660 114
660 659
901 355
901 659
530 531
530 573
657 111
657 655
657 658
669 123
669 518
669 520
520 665
508 507
508 658
508 666
574 28
574 573
574 579
574 580
531 532
531 568
507 449
507 506
521 522
522 529
522 544
544 523
544 576
544 579
665 119
665 666
665 667
532 497
532 567
658 112
658 653
658 656
506 505
506 577
506 645
497 496
497 498
518 519
518 667
581 35
581 578
581 579
581 580
496 492
579 33
579 577
505 504
505 638
505 643
573 27
573 567
580 34
504 503
504 633
567 21
567 564
667 121
667 668
667 849
492 491
492 493
492 561
492 563
666 120
666 661
516 517
931 385
638 92
638 639
638 640
493 494
493 560
493 562
564 18
564 563
503 476
503 502
503 634
568 22
568 498
568 569
568 571
853 307
853 849
853 851
853 860
849 303
849 850
476 475
476 477
498 499
498 566
572 26
572 571
659 113
502 501
502 632
494 495
494 550
494 559
634 88
634 704
645 99
645 640
645 644
645 652
477 478
477 702
576 30
576 575
563 17
563 562
578 32
578 646
633 87
633 501
633 570
633 636
495 435
495 552
495 555
639 93
639 637
639 641
561 15
561 558
907 361
907 906
907 910
907 911
491 490
560 14
560 557
562 16
562 550
566 20
566 565
435 434
435 436
655 109
632 86
632 628
632 631
559 13
559 549
478 479
478 692
668 122
668 663
906 360
906 860
906 909
643 97
643 636
643 642
479 480
479 482
479 483
479 485
485 534
485 626
485 690
449 448
449 450
449 452
534 437
534 486
552 6
552 551
640 94
640 641
640 647
851 305
851 852
851 859
486 487
486 680
486 681
487 404
487 679
404 403
404 405
628 82
628 483
628 627
436 437
436 553
550 4
550 548
550 549
656 110
656 524
932 386
646 100
646 523
646 644
850 304
850 848
644 98
644 651
653 107
653 450
653 451
451 651
651 105
651 652
403 402
403 674
652 106
652 647
652 654
641 95
641 637
641 648
450 654
654 108
654 649
654 662
402 397
402 605
402 610
661 115
661 448
448 447
448 662
397 396
397 398
397 399
553 7
553 613
553 618
553 621
553 624
480 481
480 690
577 31
577 642
642 96
396 395
396 587
396 603
395 394
394 393
394 583
394 599
702 156
702 703
393 392
393 600
499 500
499 565
392 391
392 711
392 715
690 144
690 680
690 691
437 438
437 535
437 539
434 433
680 134
680 622
680 678
391 390
391 712
391 716
390 387
390 708
390 714
387 389
387 707
387 801
389 388
389 924
388 800
388 913
913 367
913 779
913 784
913 792
913 914
914 368
914 915
path
384 930
930 905
905 515
515 514
514 513
513 512
512 511
511 510
510 509
509 508
508 507
507 506
506 505
505 504
504 503
503 476
476 477
477 478
478 479
479 485
485 534
534 486
486 487
487 404
404 403
403 402
402 397
397 396
396 395
395 394
394 393
393 392
392 391
391 390
390 387
387 389
389 388
388 913
913 914
914 368
