368 914
914 913
914 915
913 367
913 388
913 779
913 784
913 792
388 389
388 800
389 387
389 924
387 390
387 707
387 801
390 391
390 708
390 714
391 392
391 712
391 716
392 393
392 711
392 715
393 394
393 583
393 600
394 395
394 599
395 396
396 397
396 587
396 603
708 162
708 710
708 802
397 398
397 399
397 402
398 536
398 608
603 57
603 586
603 604
603 605
536 535
536 607
536 609
712 166
608 62
608 591
608 610
535 437
535 614
599 53
599 601
707 161
707 713
707 912
609 63
609 678
604 58
604 606
715 169
715 717
437 436
437 438
437 534
437 539
600 54
600 602
800 254
801 255
801 793
711 165
711 709
402 403
399 400
607 61
607 590
607 612
915 369
915 916
916 370
916 780
916 781
916 917
781 235
781 782
781 786
786 240
786 785
786 788
786 790
786 794
794 248
794 796
794 798
802 256
802 804
802 806
716 170
716 718
610 64
610 679
614 68
614 621
403 404
403 674
710 164
798 252
798 797
804 258
804 803
803 257
803 805
803 807
779 233
805 259
780 234
785 239
793 247
709 163
790 244
790 789
796 250
796 795
806 260
586 40
586 584
792 246
438 439
438 613
797 251
797 799
807 261
807 767
539 582
612 66
612 595
583 37
583 585
767 221
767 756
767 769
767 771
587 41
782 236
782 783
782 787
782 918
787 241
787 791
789 243
784 238
404 405
404 487
795 249
771 225
771 770
487 486
487 681
791 245
791 745
783 237
783 737
436 435
436 553
436 555
585 39
737 191
737 739
737 741
737 919
739 193
739 738
679 133
738 192
738 418
738 740
738 920
418 417
418 419
418 742
419 420
419 750
419 751
420 421
420 752
420 753
421 422
421 761
421 765
486 680
422 423
422 763
422 766
439 440
439 611
423 424
423 772
423 776
582 36
534 485
424 425
424 774
424 778
799 253
756 210
756 758
756 760
760 214
760 759
769 223
769 768
425 426
745 199
745 747
745 749
485 479
485 626
485 690
601 55
601 670
613 67
613 618
605 59
606 60
606 675
714 168
714 720
741 195
749 203
749 748
748 202
748 746
748 757
426 427
426 593
770 224
770 775
753 207
753 762
553 7
553 434
553 624
788 242
584 38
758 212
479 478
479 480
479 482
479 483
747 201
427 428
427 430
917 371
918 372
918 923
919 373
920 374
417 921
417 922
430 431
430 592
430 596
778 232
778 777
400 401
400 589
752 206
752 755
761 215
746 200
751 205
759 213
759 764
764 218
764 773
740 194
591 45
670 124
670 671
670 672
675 129
675 677
763 217
478 477
478 628
478 692
742 196
742 743
742 744
776 230
674 128
674 676
768 222
777 231
595 49
595 594
621 75
621 554
621 622
431 432
431 598
680 134
773 227
772 226
690 144
690 691
681 135
428 429
775 229
678 132
432 433
432 615
432 616
593 47
593 588
480 481
434 551
774 228
405 406
626 80
626 625
592 46
766 220
435 495
750 204
750 754
602 56
757 211
762 216
590 44
924 378
717 171
717 721
721 175
721 722
721 723
618 72
718 172
433 617
589 43
671 125
671 673
611 65
483 484
594 48
713 167
713 719
624 78
616 70
625 79
625 623
625 629
598 52
598 597
691 145
691 693
482 538
672 126
672 682
495 494
495 552
692 146
692 702
677 131
677 687
722 176
722 724
406 407
406 686
551 5
551 547
551 549
477 476
477 632
588 42
555 9
555 556
555 559
765 219
596 50
720 174
720 726
726 180
726 414
726 725
726 728
726 730
730 184
730 413
730 729
413 412
413 734
484 488
484 627
414 415
414 732
412 411
412 733
755 209
494 493
494 550
676 130
719 173
725 179
415 416
415 731
628 82
407 408
407 688
687 141
687 689
411 410
476 475
476 502
476 503
734 188
734 736
629 83
622 76
693 147
503 504
503 634
502 501
554 8
673 127
673 683
682 136
682 684
552 6
733 187
733 695
733 735
410 409
410 694
632 86
632 631
724 178
728 182
728 727
493 492
493 560
493 562
684 138
684 685
538 703
689 143
634 88
634 633
634 639
634 704
559 13
559 557
912 366
912 863
416 925
409 699
729 183
615 69
615 619
754 208
723 177
727 181
504 505
504 638
408 537
492 491
492 496
492 561
492 563
686 140
488 489
488 630
694 148
694 696
560 14
489 490
617 71
617 620
744 198
688 142
688 698
685 139
633 87
633 570
633 636
490 558
695 149
695 697
505 506
505 643
683 137
702 156
623 77
627 81
638 92
638 640
562 16
732 186
732 864
556 10
631 85
631 635
561 15
561 566
699 153
699 701
696 150
696 808
496 497
537 473
597 51
703 157
703 705
921 375
550 4
550 548
563 17
563 564
558 12
558 565
697 151
697 809
473 472
473 700
701 155
701 813
501 500
497 498
497 532
506 507
506 577
506 645
698 152
735 189
735 865
705 159
705 474
619 73
532 531
532 567
532 568
474 706
704 158
472 471
472 812
736 190
507 449
507 508
635 89
549 3
547 1
547 546
743 197
808 262
808 810
813 267
813 815
564 18
639 93
639 637
639 641
500 499
731 185
566 20
531 530
531 573
809 263
809 811
508 509
508 658
508 666
620 74
640 94
640 647
565 19
700 154
630 84
865 319
865 867
865 868
811 265
811 817
810 264
810 816
567 21
658 112
658 653
658 656
658 657
643 97
643 642
706 160
815 269
815 470
815 821
568 22
568 569
568 571
568 572
548 2
530 528
546 0
557 11
864 318
509 510
509 665
645 99
645 644
645 652
922 376
510 511
510 520
510 521
470 469
470 814
657 111
657 655
657 660
573 27
573 574
570 24
636 90
636 575
812 266
641 95
641 648
637 91
637 824
637 825
511 512
511 669
528 527
528 529
527 525
923 377
816 270
816 818
469 468
925 379
660 114
660 659
660 901
817 271
817 819
814 268
814 820
571 25
575 29
575 576
449 448
449 450
449 452
574 28
574 579
574 580
868 322
868 871
819 273
819 829
818 272
818 828
512 513
512 904
828 282
828 456
828 467
828 833
520 518
863 317
863 866
456 455
456 457
456 830
669 123
669 853
468 823
572 26
666 120
666 661
666 668
455 454
455 835
642 96
665 119
665 667
577 31
577 523
577 578
833 287
833 832
829 283
829 831
823 277
823 822
457 458
457 466
821 275
569 23
871 325
871 459
871 870
831 285
458 844
513 514
513 902
830 284
518 519
450 451
450 654
644 98
644 646
644 651
646 100
651 105
651 524
904 358
904 905
904 906
652 106
653 107
529 522
654 108
654 649
654 662
448 447
668 122
668 663
668 850
835 289
835 834
835 845
525 526
525 540
525 545
656 110
459 460
459 874
667 121
667 849
454 453
648 102
648 650
540 581
867 321
650 104
650 826
650 841
514 515
514 533
514 543
514 931
661 115
515 516
905 359
905 903
905 907
905 908
905 930
930 384

