170 716
716 391
716 714
716 715
716 718
391 390
391 392
391 712
718 172
718 717
718 722
715 169
715 600
712 166
712 708
712 710
712 711
714 168
714 713
714 720
392 393
390 387
390 708
717 171
717 602
717 721
708 162
708 707
708 802
722 176
722 724
710 164
710 806
711 165
711 583
711 709
600 54
600 599
393 394
806 260
806 804
806 805
721 175
721 671
721 723
720 174
720 719
720 726
713 167
713 912
724 178
724 723
724 728
602 56
602 601
599 53
599 604
394 395
387 389
387 801
709 163
707 161
802 256
802 794
804 258
804 798
804 803
723 177
723 673
723 727
728 182
728 730
601 55
601 606
601 670
583 37
583 585
583 587
583 767
583 807
671 125
671 670
604 58
604 603
805 259
805 807
395 396
801 255
801 793
801 800
719 173
719 725
726 180
726 414
798 252
798 796
798 797
803 257
727 181
727 683
727 729
396 397
396 603
670 124
670 672
670 675
730 184
730 413
673 127
673 672
606 60
606 605
807 261
807 767
807 799
603 57
603 398
603 586
603 605
585 39
585 584
585 771
794 248
794 786
797 251
797 795
797 799
796 250
796 790
796 795
587 41
414 415
414 732
683 137
683 682
413 412
413 734
729 183
729 685
397 398
397 399
397 402
389 388
389 924
734 188
734 733
734 736
672 126
672 677
675 129
675 674
767 221
767 756
767 769
800 254
800 792
398 536
398 608
793 247
793 785
912 366
912 416
912 863
725 179
725 415
605 59
399 400
608 62
608 591
608 607
608 610
771 225
771 769
771 770
790 244
790 788
790 789
732 186
732 731
732 864
795 249
795 789
799 253
799 756
799 791
584 38
584 400
586 40
415 731
412 411
412 733
402 403
733 187
733 695
733 735
682 136
682 684
682 687
685 139
388 913
677 131
677 676
677 687
416 925
400 401
400 589
674 128
786 240
786 781
736 190
736 865
788 242
788 782
788 787
610 64
610 609
610 679
770 224
770 768
770 775
769 223
769 760
769 768
756 210
756 745
756 758
789 243
789 787
789 791
607 61
607 590
607 612
536 535
536 609
411 410
924 378
591 45
589 43
589 588
403 404
403 679
792 246
792 784
731 185
731 863
785 239
785 780
684 138
684 689
913 367
913 779
913 914
609 63
609 614
609 678
695 149
695 694
695 697
735 189
687 141
687 686
676 130
676 405
679 133
679 487
679 678
864 318
864 867
404 405
404 487
787 241
791 245
791 783
768 222
768 759
768 773
760 214
410 409
410 694
775 229
775 773
775 774
612 66
612 439
612 595
758 212
758 749
758 757
925 379
487 486
487 681
535 437
865 319
865 809
865 811
865 867
865 868
782 236
782 783
782 917
782 918
694 148
694 696
694 699
590 44
590 440
689 143
689 688
405 406
588 42
588 593
781 235
781 916
697 151
697 809
614 68
614 438
614 621
439 611
678 132
678 680
686 140
745 199
745 737
745 747
759 213
759 764
681 135
681 691
773 227
773 764
773 772
437 436
437 534
437 539
780 234
780 779
784 238
486 534
486 680
409 408
409 699
749 203
749 748
438 613
774 228
774 424
774 772
440 425
440 595
406 407
863 317
863 866
757 211
757 748
757 762
696 150
696 701
696 808
783 237
783 737
688 142
688 698
path
170 716
716 718
718 722
722 724
724 723
723 727
727 683
683 682
682 684
684 689
689 688
688 142
