forwardtree
384 930
930 905
905 359
905 515
905 903
905 904
905 907
905 908
515 514
515 516
515 902
902 356
902 513
902 541
902 542
902 543
542 526
542 533
514 931
533 932
541 901
526 525
526 545
513 512
903 357
904 358
904 669
904 853
904 906
512 511
525 527
525 540
540 581
901 355
901 659
901 660
511 510
669 123
669 518
669 520
520 665
660 114
660 657
665 119
665 509
665 666
665 667
510 521
509 508
518 519
657 111
657 655
657 658
516 517
931 385
521 522
522 529
522 544
667 121
667 668
667 849
544 523
544 576
544 579
527 528
527 572
527 574
528 530
666 120
666 661
853 307
853 851
853 860
849 303
849 850
508 507
581 35
581 578
581 580
579 33
579 577
507 449
507 506
658 112
658 653
658 656
580 34
907 361
907 910
907 911
659 113
574 28
574 573
506 505
506 645
530 531
906 360
906 909
668 122
668 663
851 305
851 852
851 859
505 504
505 638
505 643
578 32
578 646
850 304
850 848
531 532
531 568
576 30
576 575
655 109
573 27
573 567
504 503
504 633
638 92
638 639
638 640
532 497
661 115
661 448
572 26
572 571
497 496
497 498
908 362
645 99
645 644
645 652
663 117
663 447
639 93
639 634
639 637
639 641
567 21
567 564
447 446
447 664
852 306
496 492
503 476
503 502
476 475
476 477
449 450
449 452
448 662
502 501
502 632
633 87
633 570
633 636
848 302
848 858
446 445
446 847
656 110
656 524
568 22
568 569
634 88
634 704
646 100
644 98
644 651
653 107
653 451
651 105
564 18
564 563
652 106
652 647
652 654
577 31
577 642
642 96
654 108
654 649
643 97
932 386
498 499
498 566
477 478
477 702
664 118
664 842
640 94
492 491
492 493
492 561
632 86
632 628
632 631
662 116
662 840
641 95
641 648
563 17
563 562
517 929
493 494
493 560
566 20
566 565
860 314
860 887
628 82
628 483
628 627
562 16
562 550
561 15
561 558
491 490
494 495
494 559
452 453
842 296
842 843
575 29
647 101
478 479
478 692
560 14
560 557
847 301
847 846
847 857
859 313
571 25
649 103
649 650
backwardtree
368 914
914 913
914 915
913 367
913 388
913 779
913 784
913 792
388 389
388 800
389 387
389 924
387 390
387 707
387 801
390 391
390 708
390 714
391 392
391 712
391 716
392 393
392 711
392 715
393 394
393 583
393 600
394 395
394 599
395 396
396 397
396 587
396 603
708 162
708 710
708 802
397 398
397 399
397 402
398 536
398 608
603 57
603 586
603 604
603 605
536 535
536 607
536 609
712 166
608 62
608 591
608 610
535 437
535 614
599 53
599 601
707 161
707 713
707 912
609 63
609 678
604 58
604 606
715 169
715 717
437 436
437 438
437 534
437 539
600 54
600 602
800 254
801 255
801 793
711 165
711 709
402 403
399 400
607 61
607 590
607 612
915 369
915 916
916 370
916 780
916 781
916 917
781 235
781 782
781 786
786 240
786 785
786 788
786 790
786 794
794 248
794 796
794 798
802 256
802 804
802 806
716 170
716 718
610 64
610 679
614 68
614 621
403 404
403 674
710 164
798 252
798 797
804 258
804 803
803 257
803 805
803 807
779 233
805 259
780 234
785 239
793 247
709 163
790 244
790 789
796 250
796 795
806 260
586 40
586 584
792 246
438 439
438 613
797 251
797 799
807 261
807 767
539 582
612 66
612 595
583 37
583 585
767 221
767 756
767 769
767 771
587 41
782 236
782 783
782 787
782 918
787 241
787 791
789 243
784 238
404 405
404 487
795 249
771 225
771 770
487 486
487 681
791 245
791 745
783 237
783 737
436 435
436 553
436 555
585 39
737 191
737 739
737 741
737 919
739 193
739 738
679 133
738 192
738 418
738 740
738 920
418 417
418 419
418 742
419 420
419 750
419 751
420 421
420 752
420 753
421 422
421 761
421 765
486 680
422 423
422 763
422 766
439 440
439 611
423 424
423 772
423 776
582 36
534 485
424 425
424 774
424 778
799 253
756 210
756 758
756 760
760 214
760 759
769 223
769 768
425 426
745 199
745 747
745 749
485 479
485 626
485 690
601 55
601 670
613 67
613 618
605 59
606 60
606 675
714 168
714 720
741 195
749 203
749 748
748 202
748 746
748 757
426 427
426 593
770 224
770 775
753 207
753 762
553 7
553 434
553 624
788 242
584 38
758 212
479 478
479 480
479 482
479 483
747 201
427 428
427 430
917 371
918 372
918 923
path
930 905
905 515
515 514
514 513
513 512
512 511
511 510
510 509
509 508
508 507
507 506
506 505
505 504
504 503
503 476
476 477
477 478
478 479
479 485
485 534
534 486
486 487
487 404
404 403
403 402
402 397
397 396
396 395
395 394
394 393
393 392
392 391
391 390
390 387
387 389
389 388
388 913
913 914
914 368
