forwardtree
170 716
716 391
716 714
716 715
716 718
391 390
391 392
391 712
718 172
718 717
718 722
715 169
715 600
712 166
712 708
712 710
712 711
714 168
714 713
714 720
392 393
390 387
390 708
717 171
717 602
717 721
708 162
708 707
708 802
722 176
722 724
710 164
710 806
711 165
711 583
711 709
600 54
600 599
393 394
806 260
806 804
806 805
721 175
721 671
721 723
720 174
720 719
720 726
713 167
713 912
724 178
724 723
724 728
602 56
602 601
599 53
599 604
394 395
387 389
387 801
709 163
707 161
802 256
802 794
804 258
804 798
804 803
723 177
723 673
723 727
728 182
728 730
601 55
601 606
601 670
583 37
583 585
583 587
583 767
583 807
671 125
671 670
604 58
604 603
805 259
805 807
395 396
801 255
801 793
801 800
719 173
719 725
726 180
726 414
798 252
798 796
798 797
803 257
727 181
727 683
727 729
396 397
396 603
670 124
670 672
670 675
730 184
730 413
673 127
673 672
606 60
606 605
807 261
807 767
807 799
603 57
603 398
603 586
603 605
585 39
585 584
585 771
794 248
794 786
797 251
797 795
797 799
796 250
796 790
796 795
587 41
414 415
414 732
backwardtree
142 688
688 407
688 686
688 689
688 698
407 406
407 408
407 693
689 143
689 409
689 684
689 687
408 537
408 538
693 147
693 538
693 691
693 692
686 140
686 676
698 152
698 537
698 699
698 700
538 482
538 703
406 405
406 691
537 473
537 703
409 410
409 699
684 138
684 410
684 682
684 685
691 145
691 681
691 690
692 146
692 478
692 702
676 130
676 674
676 677
482 479
482 480
405 404
405 681
473 472
473 705
687 141
687 677
699 153
699 694
699 701
700 154
700 701
700 812
703 157
703 702
480 481
410 411
410 694
479 483
479 485
685 139
685 729
681 135
681 486
681 487
404 403
404 487
478 477
478 628
682 136
682 672
682 683
694 148
694 695
694 696
705 159
705 474
705 704
690 144
690 680
472 471
472 706
487 679
674 128
674 605
674 675
677 131
485 534
485 626
403 402
403 679
483 484
702 156
702 477
701 155
701 813
534 437
812 266
812 813
628 82
628 627
628 632
411 412
471 470
471 814
474 475
474 706
679 133
679 610
679 678
695 149
695 697
695 733
626 80
626 622
626 625
729 183
729 727
729 730
704 158
704 634
680 134
672 126
672 670
672 673
683 137
696 150
696 808
path
170 716
716 718
718 722
722 724
724 723
723 727
727 729
729 685
685 684
684 689
689 688
688 142
