0 1 137
0 2 298
0 3 2
0 4 3
0 5 168
0 6 370
0 7 274
0 8 409
0 9 382
0 10 321
0 11 197
0 12 7
0 13 239
0 14 17
0 16 206
0 17 215
0 20 389
0 21 335
0 23 4
0 24 114
0 25 216
0 26 336
0 27 313
0 28 218
0 29 327
0 30 181
0 31 292
0 32 220
0 33 306
0 34 301
0 35 183
0 36 17
0 37 253
0 38 371
0 40 103
0 41 306
0 42 225
0 43 109
0 44 254
0 46 228
0 48 155
0 49 172
0 50 126
0 53 372
0 54 310
1 0 168
1 2 1
1 3 1
1 4 2
1 5 203
1 6 316
1 7 9
1 8 313
1 9 180
1 10 5
1 12 44
1 13 245
1 14 118
1 15 211
1 16 145
1 17 231
1 18 264
1 19 140
1 20 341
1 21 199
1 23 1
1 24 43
1 25 185
1 26 308
1 27 318
1 28 6
1 29 2
1 30 1
1 31 199
1 32 3
1 33 333
1 34 351
1 35 3
1 36 4
1 37 2
1 38 356
1 40 9
1 42 273
1 44 149
1 45 256
1 46 14
1 47 42
1 48 4
1 49 3
1 50 4
1 53 378
1 54 320
2 0 242
2 1 2
2 3 4
2 4 2
2 5 105
2 6 2
2 7 235
2 8 329
2 9 4
2 10 3
2 11 3
2 12 1
2 13 3
2 14 7
2 15 3
2 16 212
2 17 114
2 18 300
2 19 124
2 21 4
2 24 3
2 25 127
2 26 95
2 27 95
2 29 311
2 30 32
2 31 158
2 32 193
2 33 1
2 34 291
2 35 245
2 36 297
2 37 5
2 38 344
2 39 295
2 40 264
2 41 65
2 42 204
2 43 81
2 44 114
2 45 144
2 46 15
2 47 2
2 48 365
2 49 374
2 54 109
3 0 6
3 1 45
3 2 5
3 4 1
3 5 32
3 6 260
3 7 3
3 8 344
3 9 281
3 11 289
3 12 3
3 13 314
3 14 7
3 15 124
3 17 148
3 19 160
3 20 337
3 21 209
3 22 3
3 23 3
3 24 70
3 25 206
3 26 277
3 27 281
3 28 96
3 29 266
3 30 6
3 31 154
3 32 94
3 33 334
3 34 6
3 35 8
3 36 66
3 37 7
3 38 349
3 40 14
3 44 239
3 45 242
3 46 386
3 48 8
3 49 7
3 50 167
3 51 327
3 52 361
3 53 365
3 54 299
4 0 275
4 1 30
4 2 181
4 3 1
4 5 135
4 6 4
4 7 2
4 8 225
4 9 118
4 10 259
4 11 168
4 12 2
4 13 276
4 14 6
4 15 71
4 16 113
4 18 238
4 20 364
4 21 3
4 22 169
4 23 1
4 24 55
4 25 111
4 26 5
4 28 235
4 29 325
4 31 340
4 32 188
4 33 309
4 34 4
4 35 300
4 37 321
4 38 389
4 40 18
4 43 283
4 44 146
4 46 308
4 48 291
5 0 259
5 1 2
5 2 1
5 3 1
5 4 1
5 6 198
5 7 160
5 8 286
5 9 3
5 10 142
5 11 298
5 12 19
5 13 261
5 14 31
5 15 136
5 16 113
5 17 156
5 18 265
5 19 159
5 20 361
5 21 3
5 23 1
5 24 17
5 25 193
5 26 3
5 29 5
5 30 3
5 31 131
5 32 3
5 33 323
5 34 2
5 38 339
5 40 4
5 41 128
5 42 126
5 43 278
5 44 146
5 45 272
5 46 368
5 49 3
6 0 339
6 1 141
6 2 2
6 3 241
6 4 151
6 5 231
6 7 184
6 8 1
6 9 6
6 10 6
6 11 91
6 12 4
6 13 291
6 14 6
6 15 184
6 16 339
6 17 49
6 18 253
6 19 81
6 20 341
6 24 55
6 25 120
6 26 142
6 27 171
6 28 215
6 29 311
6 30 88
6 31 88
6 32 89
6 33 99
6 34 187
6 35 3
6 36 206
6 37 81
6 38 193
6 39 165
6 40 144
6 41 97
6 42 2
6 43 296
6 44 23
6 45 121
6 46 22
6 47 8
6 48 231
6 49 378
6 50 272
6 54 203
7 0 247
7 1 357
7 2 239
7 3 2
7 4 1
7 5 192
7 6 214
7 8 265
7 9 1
7 10 148
7 11 3
7 12 1
7 13 1
7 14 6
7 15 3
7 16 264
7 17 69
7 18 267
7 19 127
7 20 285
7 21 241
7 24 2
7 25 63
7 26 110
7 27 132
7 28 389
7 29 390
7 30 347
7 31 346
7 32 355
7 33 297
7 34 8
7 35 258
7 36 358
7 37 328
7 38 240
7 39 261
7 40 216
7 41 111
7 42 174
7 43 190
7 44 139
7 45 168
7 46 3
7 47 3
7 48 337
7 49 271
7 50 383
7 54 130
8 0 401
8 1 324
8 2 267
8 3 18
8 4 114
8 5 370
8 6 250
8 7 210
8 9 11
8 10 196
8 11 89
8 12 189
8 13 306
8 14 44
8 15 251
8 16 372
8 17 218
8 18 250
8 19 238
8 21 336
8 22 319
8 23 333
8 26 205
8 28 341
8 29 382
8 30 374
8 31 202
8 32 226
8 33 359
8 34 290
8 35 270
8 36 304
8 37 256
8 38 291
8 39 303
8 40 269
8 41 176
8 42 330
8 43 200
8 44 271
8 45 267
8 47 170
8 49 361
8 50 357
8 54 246
9 0 275
9 1 280
9 2 216
9 3 6
9 4 6
9 5 176
9 6 196
9 7 3
9 8 1
9 10 3
9 11 5
9 12 12
9 13 229
9 14 2
9 15 3
9 16 333
9 17 4
9 18 224
9 19 4
9 20 246
9 21 262
9 23 12
9 24 12
9 25 75
9 26 77
9 27 65
9 28 258
9 29 382
9 30 169
9 31 169
9 33 200
9 34 276
9 35 153
9 36 295
9 37 207
9 38 188
9 39 267
9 40 170
9 41 2
9 42 262
9 43 3
9 44 4
9 45 4
9 46 4
9 47 3
9 49 326
9 50 310
9 53 252
9 54 62
10 0 292
10 1 290
10 2 211
10 4 149
10 5 243
10 6 221
10 7 181
10 8 1
10 9 2
10 11 136
10 12 187
10 13 108
10 14 11
10 15 13
10 16 3
10 17 136
10 18 241
10 21 354
10 22 102
10 27 293
10 29 402
10 30 191
10 31 189
10 33 204
10 36 259
10 37 58
10 39 380
10 40 138
10 41 260
10 42 272
10 43 3
10 44 82
10 45 126
10 46 3
10 47 1
10 48 341
10 53 323
10 54 308
11 0 344
11 2 309
11 3 241
11 4 203
11 5 328
11 6 332
11 7 321
11 8 354
11 9 181
11 10 345
11 12 289
11 13 70
11 14 39
11 15 38
11 16 223
11 17 109
11 18 153
11 19 117
11 20 167
11 21 192
11 22 291
11 23 236
11 24 193
11 25 147
11 26 149
11 28 314
11 29 366
11 30 341
11 31 358
11 32 297
11 33 140
11 34 235
11 36 332
11 37 170
11 38 369
11 40 172
11 41 169
11 43 354
11 44 18
11 45 166
11 46 304
11 47 280
11 48 369
11 51 201
11 53 6
12 0 251
12 1 129
12 2 1
12 3 2
12 4 1
12 5 182
12 6 1
12 7 1
12 8 154
12 9 2
12 10 233
12 11 3
12 13 1
12 14 2
12 15 3
12 16 292
12 17 190
12 18 307
12 19 105
12 20 235
12 21 311
12 23 1
12 24 1
12 25 143
12 26 64
12 27 64
12 29 299
12 30 3
12 31 7
12 32 2
12 33 1
12 34 8
12 35 176
12 36 109
12 39 352
12 40 4
12 41 8
12 42 26
12 43 265
12 44 11
12 45 240
12 46 350
12 47 303
12 49 360
12 50 113
12 53 279
12 54 189
13 0 212
13 1 187
13 2 66
13 3 3
13 4 1
13 5 146
13 6 174
13 7 1
13 8 292
13 9 10
13 10 318
13 11 6
13 12 1
13 14 180
13 15 3
13 16 322
13 17 2
13 18 265
13 19 2
13 21 7
13 22 186
13 23 2
13 24 5
13 25 210
13 26 11
13 27 359
13 28 225
13 29 316
13 30 86
13 31 89
13 32 92
13 33 148
13 34 6
13 35 360
13 36 215
13 37 174
13 38 376
13 39 391
13 40 158
13 41 333
13 42 178
13 43 333
13 44 2
13 45 2
13 46 343
13 47 258
13 48 392
13 49 373
13 50 219
13 53 328
13 54 321
14 0 318
14 1 57
14 2 11
14 3 192
14 4 200
14 5 250
14 6 10
14 7 6
14 8 128
14 9 3
14 10 327
14 11 200
14 12 1
14 13 3
14 15 225
14 16 158
14 17 177
14 18 317
14 19 144
14 20 310
14 21 228
14 23 238
14 24 251
14 25 337
14 26 264
14 27 294
14 29 305
14 30 24
14 32 24
14 33 25
14 35 195
14 36 130
14 37 28
14 38 285
14 39 333
14 40 86
14 41 27
14 42 32
14 43 354
14 44 134
14 45 208
14 46 5
14 47 309
14 48 318
14 49 229
14 50 142
14 54 353
15 1 209
15 2 99
15 3 3
15 4 3
15 5 156
15 6 101
15 7 98
15 8 171
15 9 122
15 10 369
15 11 8
15 12 268
15 13 201
15 14 61
15 16 2
15 17 7
15 18 178
15 19 3
15 20 324
15 21 6
15 23 226
15 24 233
15 25 224
15 26 5
15 27 261
15 28 329
15 29 286
15 30 72
15 31 375
15 32 72
15 33 78
15 36 317
15 37 84
15 38 345
15 39 366
15 40 89
15 41 96
15 43 371
15 44 3
15 45 3
15 46 6
15 47 296
15 53 301
15 54 240
16 0 321
16 1 282
16 2 250
16 3 105
16 4 122
16 5 209
16 6 241
16 7 6
16 8 183
16 9 2
16 10 314
16 11 112
16 12 178
16 13 196
16 14 74
16 15 2
16 17 2
16 18 23
16 19 2
16 20 88
16 21 243
16 24 216
16 25 317
16 26 272
16 27 56
16 28 283
16 29 346
16 30 262
16 33 259
16 35 397
16 36 294
16 37 251
16 38 336
16 39 410
16 41 391
16 42 393
16 43 360
16 44 2
16 45 2
16 47 195
16 48 412
16 49 199
16 50 300
16 53 52
16 54 174
17 0 362
17 1 322
17 2 186
17 3 170
17 5 254
17 6 239
17 7 270
17 8 229
17 9 167
17 10 280
17 11 147
17 12 178
17 13 185
17 14 287
17 15 190
17 16 2
17 18 207
17 19 67
17 20 71
17 21 227
17 23 308
17 24 305
17 25 339
17 26 245
17 27 179
17 28 273
17 29 338
17 30 189
17 31 396
17 32 177
17 33 185
17 35 396
17 36 251
17 37 185
17 38 318
17 39 404
17 40 215
17 41 348
17 42 224
17 43 280
17 44 172
17 45 187
17 46 131
17 47 275
17 48 403
17 49 376
17 50 301
17 54 231
18 1 357
18 2 374
18 4 306
18 5 343
18 6 381
18 7 387
18 8 371
18 9 354
18 10 376
18 11 281
18 12 379
18 13 334
18 14 384
18 15 274
18 16 160
18 17 205
18 19 1
18 20 203
18 21 217
18 22 316
18 23 316
18 24 293
18 25 245
18 26 295
18 27 262
18 29 381
18 30 340
18 33 341
18 34 355
18 35 413
18 37 362
18 38 412
18 39 412
18 40 363
18 41 406
18 42 399
18 43 344
18 44 268
18 45 1
18 46 335
18 47 255
18 48 408
18 49 393
18 54 280
19 1 267
19 2 88
19 3 4
19 5 161
19 6 92
19 7 235
19 8 142
19 9 8
19 11 7
19 12 128
19 13 2
19 14 216
19 15 3
19 16 5
19 17 2
19 18 3
19 20 4
19 21 48
19 23 219
19 24 233
19 25 321
19 26 165
19 27 6
19 28 240
19 29 274
19 30 65
19 31 336
19 32 65
19 33 67
19 36 224
19 37 75
19 38 220
19 42 19
19 43 371
19 44 3
19 45 1
19 46 315
19 47 142
19 48 382
19 49 346
19 50 234
19 53 4
19 54 6
20 0 325
20 1 347
20 3 299
20 4 265
20 5 173
20 6 132
20 7 142
20 9 151
20 11 157
20 12 242
20 14 202
20 15 160
20 16 293
20 17 2
20 18 201
20 19 3
20 21 188
20 22 302
20 23 263
20 24 11
20 25 6
20 26 6
20 27 5
20 28 136
20 29 332
20 30 246
20 31 295
20 33 371
20 34 272
20 35 397
20 36 370
20 37 382
20 38 397
20 40 286
20 44 2
20 45 3
20 46 2
20 47 292
20 49 401
20 50 304
20 51 1
20 52 1
20 53 3
21 0 275
21 1 252
21 2 191
21 3 208
21 4 192
21 5 301
21 7 301
21 8 373
21 9 355
21 10 394
21 11 359
21 12 271
21 13 348
21 14 270
21 15 319
21 16 310
21 17 132
21 18 263
21 19 166
21 20 224
21 22 151
21 23 145
21 24 163
21 25 263
21 26 125
21 27 212
21 28 325
21 29 389
21 31 214
21 32 72
21 33 324
21 34 54
21 35 347
21 36 332
21 37 357
21 38 393
21 40 212
21 42 288
21 43 226
21 44 179
21 45 200
21 46 214
21 47 383
21 49 381
21 51 3
21 52 148
21 53 166
22 3 1
22 4 3
22 8 351
22 10 160
22 11 182
22 13 237
22 18 365
22 20 354
22 21 200
22 23 3
22 24 143
22 26 290
22 27 313
22 28 3
22 31 4
22 32 5
22 34 6
22 35 153
22 36 140
22 37 126
22 44 336
22 46 258
22 49 175
22 51 218
22 52 233
22 53 361
22 54 306
23 0 125
23 1 104
23 3 1
23 4 3
23 5 136
23 8 329
23 9 259
23 11 211
23 12 4
23 13 179
23 14 7
23 15 231
23 17 157
23 18 287
23 19 208
23 20 290
23 21 203
23 22 1
23 24 1
23 25 6
23 26 100
23 27 130
23 28 7
23 30 8
23 31 257
23 34 1
23 37 110
23 38 350
23 44 367
23 45 241
23 46 371
23 47 114
23 51 338
23 52 382
23 53 374
24 0 3
24 1 36
24 3 2
24 4 1
24 5 13
24 6 115
24 7 132
24 9 236
24 11 307
24 12 72
24 13 268
24 14 51
24 15 285
24 16 289
24 17 287
24 18 352
24 19 300
24 20 142
24 21 135
24 22 179
24 23 2
24 25 4
24 26 103
24 27 110
24 28 353
24 29 388
24 30 339
24 31 291
24 32 291
24 33 337
24 34 161
24 35 384
24 36 353
24 37 374
24 38 393
24 44 337
24 45 284
24 46 267
24 47 302
24 48 340
24 49 361
24 50 325
24 51 207
24 52 307
24 53 337
24 54 85
25 0 6
25 1 43
25 2 177
25 3 7
25 4 3
25 5 203
25 6 3
25 7 5
25 9 139
25 11 209
25 12 5
25 13 230
25 14 8
25 15 248
25 16 265
25 17 287
25 18 349
25 19 308
25 20 2
25 21 80
25 23 7
25 24 222
25 26 1
25 28 291
25 38 396
25 44 325
25 45 308
25 46 310
25 47 291
25 52 5
25 53 4
26 0 319
26 1 232
26 2 215
26 3 238
26 4 5
26 5 277
26 6 17
26 7 16
26 8 124
26 9 26
26 11 1
26 12 16
26 13 161
26 14 37
26 15 139
26 16 21
26 17 40
26 18 212
26 19 42
26 20 1
26 21 1
26 22 256
26 23 17
26 24 5
26 25 1
26 28 292
26 29 376
26 30 371
26 31 270
26 32 243
26 33 366
26 34 55
26 35 386
26 36 267
26 37 379
26 38 385
26 44 125
26 45 152
26 46 141
26 47 323
26 49 382
26 50 322
26 53 1
27 0 219
27 1 219
27 2 251
27 3 207
27 6 15
27 7 15
27 9 237
27 10 378
27 12 14
27 13 249
27 14 248
27 15 203
27 16 3
27 17 4
27 18 182
27 19 4
27 20 1
27 21 11
27 22 119
27 23 100
27 24 156
27 25 4
27 28 339
27 29 383
27 30 366
27 31 255
27 32 254
27 33 370
27 34 124
27 37 381
27 38 405
27 44 74
27 45 4
27 46 195
27 47 304
27 54 1
28 0 275
28 1 274
28 3 3
28 4 347
28 6 15
28 7 149
28 8 211
28 9 18
28 11 152
28 13 16
28 15 15
28 16 377
28 17 279
28 19 307
28 20 346
28 21 166
28 22 196
28 23 173
28 24 357
28 25 289
28 26 195
28 27 203
28 29 2
28 30 165
28 31 3
28 32 2
28 33 36
28 34 5
28 35 29
28 36 2
28 37 165
28 38 234
28 40 8
28 42 282
28 43 361
28 44 315
28 45 352
28 46 402
28 47 395
28 49 165
28 50 2
28 51 329
28 52 348
28 53 359
28 54 203
29 0 269
29 1 122
29 2 2
29 3 194
29 4 177
29 5 271
29 6 262
29 7 285
29 8 375
29 9 384
29 10 388
29 11 5
29 12 296
29 13 255
29 14 305
29 15 6
29 16 398
29 17 303
29 18 369
29 19 310
29 20 392
29 21 299
29 24 400
29 26 325
29 27 338
29 28 1
29 30 1
29 31 192
29 32 2
29 33 3
29 34 239
29 35 1
29 36 1
29 37 213
29 38 162
29 40 276
29 41 297
29 42 351
29 43 348
29 44 309
29 45 327
29 46 402
29 47 386
29 49 1
29 50 1
29 52 391
29 53 396
29 54 328
30 0 201
30 1 110
30 2 5
30 3 6
30 5 243
30 6 3
30 7 114
30 8 162
30 9 6
30 10 377
30 11 4
30 12 116
30 13 6
30 14 227
30 15 3
30 16 352
30 17 235
30 18 325
30 19 241
30 20 365
30 23 172
30 24 240
30 26 264
30 27 261
30 28 158
30 29 1
30 31 3
30 32 2
30 33 2
30 34 3
30 35 3
30 36 5
30 37 1
30 38 186
30 40 8
30 41 272
30 42 297
30 44 248
30 45 269
30 46 383
30 47 380
30 48 3
30 49 3
30 50 5
30 53 372
30 54 263
31 0 182
31 1 174
31 2 4
31 3 1
31 4 276
31 5 212
31 6 232
31 7 283
31 8 317
31 9 198
31 10 225
31 11 267
31 12 328
31 13 59
31 15 103
31 17 292
31 19 323
31 20 314
31 21 196
31 22 28
31 23 40
31 24 327
31 26 346
31 27 305
31 28 83
31 29 250
31 30 228
31 32 1
31 33 259
31 34 1
31 35 341
31 36 92
31 37 347
31 38 393
31 40 155
31 44 384
31 45 374
31 46 300
31 49 291
31 50 49
31 51 328
31 52 353
31 53 338
31 54 278
32 0 240
32 1 160
32 2 4
32 3 243
32 4 198
32 5 292
32 6 21
32 7 60
32 8 266
32 11 28
32 12 160
32 13 36
32 14 163
32 15 29
32 17 195
32 19 207
32 21 2
32 22 197
32 24 348
32 26 357
32 27 361
32 28 2
32 29 2
32 30 3
32 31 4
32 33 37
32 34 4
32 35 347
32 36 2
32 37 195
32 38 326
32 44 209
32 45 245
32 49 217
32 50 2
32 54 357
33 0 310
33 1 313
33 2 1
33 3 289
33 4 2
33 5 315
33 6 2
33 7 56
33 8 167
33 9 6
33 10 38
33 11 4
33 12 96
33 13 8
33 14 199
33 15 3
33 16 370
33 17 180
33 18 292
33 19 190
33 20 369
33 21 262
33 24 335
33 26 361
33 27 372
33 28 135
33 29 5
33 30 1
33 31 2
33 32 2
33 34 130
33 35 339
33 36 163
33 37 236
33 38 372
33 40 4
33 41 47
33 42 38
33 43 238
33 44 165
33 45 169
33 46 50
33 47 114
33 48 355
33 49 386
33 50 184
33 53 357
33 54 377
34 0 4
34 1 320
34 2 6
34 3 231
34 4 2
34 5 323
34 6 5
34 7 123
34 8 212
34 9 11
34 11 130
34 12 90
34 13 19
34 18 352
34 20 308
34 21 1
34 22 1
34 23 1
34 24 2
34 26 9
34 27 25
34 28 2
34 29 262
34 30 205
34 31 1
34 32 2
34 33 31
34 35 366
34 36 126
34 37 350
34 38 402
34 40 6
34 44 323
34 45 319
34 46 331
34 49 352
34 50 130
34 51 204
34 52 323
34 53 301
34 54 31
35 0 102
35 1 214
35 2 315
35 3 1
35 4 331
35 6 331
35 7 328
35 8 364
35 9 383
35 12 404
35 13 405
35 14 368
35 16 387
35 17 403
35 18 405
35 20 396
35 21 321
35 22 194
35 24 367
35 26 364
35 28 111
35 29 1
35 30 2
35 31 1
35 32 2
35 33 281
35 34 5
35 36 97
35 37 117
35 38 1
35 40 213
35 42 271
35 46 389
35 49 1
35 50 95
36 0 212
36 1 279
36 2 3
36 3 3
36 6 7
36 7 205
36 8 272
36 9 9
36 10 390
36 11 107
36 12 277
36 13 9
36 14 291
36 15 6
36 16 348
36 17 220
36 19 257
36 20 349
36 21 203
36 24 382
36 26 241
36 28 1
36 29 1
36 30 16
36 31 3
36 32 4
36 33 24
36 34 3
36 35 44
36 37 183
36 38 221
36 40 11
36 41 283
36 42 158
36 43 355
36 45 263
36 47 386
36 48 61
36 49 187
36 50 1
36 53 314
37 0 201
37 1 194
37 2 3
37 3 167
37 4 5
37 6 10
37 7 13
37 8 65
37 9 116
37 10 114
37 11 6
37 13 17
37 14 142
37 15 16
37 16 338
37 17 139
37 18 294
37 19 142
37 20 370
37 21 214
37 22 149
37 23 159
37 24 355
37 25 370
37 26 328
37 27 345
37 28 153
37 29 2
37 30 1
37 31 41
37 32 4
37 33 3
37 34 177
37 35 1
37 36 158
37 38 1
37 40 1
37 42 179
37 44 145
37 45 167
37 46 204
37 49 150
37 50 247
37 53 364
37 54 349
38 0 159
38 1 191
38 2 206
38 3 199
38 4 221
38 5 308
38 6 254
38 7 313
38 8 309
38 9 326
38 11 262
38 13 277
38 14 346
38 15 308
38 16 396
38 17 272
38 18 366
38 19 321
38 20 409
38 21 335
38 23 214
38 24 357
38 25 383
38 26 350
38 27 344
38 28 344
38 29 323
38 30 215
38 31 299
38 32 192
38 33 170
38 34 176
38 35 8
38 36 351
38 37 242
38 40 107
38 42 269
38 44 317
38 45 316
38 46 348
38 47 372
38 49 200
38 50 363
38 53 396
38 54 364
39 2 280
39 6 290
39 7 312
39 8 369
39 9 385
39 10 380
39 12 402
39 13 394
39 14 391
39 15 391
39 16 394
39 17 408
39 18 401
39 40 110
39 41 275
39 42 357
39 43 359
39 45 408
39 46 394
39 47 377
39 48 1
40 0 288
40 1 192
40 2 74
40 3 272
40 4 4
40 5 292
40 6 1
40 7 1
40 8 147
40 9 175
40 10 151
40 11 5
40 12 11
40 13 11
40 14 127
40 15 12
40 17 256
40 18 358
40 20 293
40 21 216
40 28 253
40 29 209
40 30 280
40 31 3
40 33 1
40 34 90
40 35 4
40 36 40
40 37 1
40 38 35
40 39 3
40 41 2
40 42 78
40 43 36
40 46 25
40 47 184
40 48 252
40 49 1
40 50 116
40 53 327
41 0 336
41 2 129
41 5 252
41 6 132
41 7 300
41 8 1
41 9 108
41 10 112
41 11 211
41 12 320
41 13 400
41 14 340
41 15 397
41 16 346
41 17 397
41 18 361
41 20 407
41 29 361
41 30 291
41 33 286
41 36 372
41 39 286
41 40 1
41 42 192
41 43 3
41 46 366
41 47 333
41 48 199
41 53 407
42 0 250
42 1 145
42 2 3
42 5 115
42 6 1
42 7 2
42 8 9
42 9 159
42 10 206
42 12 335
42 13 10
42 14 310
42 16 402
42 17 342
42 18 358
42 19 362
42 21 224
42 28 130
42 29 304
42 33 226
42 35 173
42 36 101
42 37 4
42 38 245
42 39 304
42 40 1
42 41 1
42 43 4
42 44 360
42 45 379
42 46 171
42 47 3
42 48 322
42 49 4
42 50 195
42 54 70
43 0 317
43 2 39
43 5 64
43 6 201
43 7 229
43 8 2
43 9 1
43 10 1
43 11 184
43 12 268
43 13 363
43 14 204
43 15 346
43 16 243
43 17 325
43 18 390
43 21 275
43 28 254
43 29 404
43 33 294
43 36 262
43 39 367
43 40 119
43 41 4
43 42 169
43 44 317
43 46 297
43 47 2
43 48 359
44 0 275
44 1 246
44 2 72
44 3 4
44 4 2
44 5 178
44 6 82
44 7 246
44 8 168
44 9 7
44 10 272
44 11 10
44 12 168
44 13 1
44 14 310
44 15 1
44 16 196
44 17 1
44 18 212
44 19 1
44 20 1
44 21 35
44 22 278
44 23 169
44 24 137
44 25 6
44 26 138
44 27 4
44 28 184
44 29 315
44 30 92
44 31 215
44 32 91
44 33 93
44 34 265
44 37 129
44 38 207
44 42 27
44 43 276
44 45 3
44 47 83
44 48 401
44 49 375
44 50 301
44 53 3
44 54 4
45 1 240
45 2 64
45 3 6
45 5 131
45 6 68
45 7 201
45 8 119
45 9 6
45 10 340
45 11 8
45 12 111
45 13 2
45 14 290
45 15 5
45 16 3
45 17 1
45 18 1
45 19 1
45 20 4
45 21 32
45 23 121
45 24 150
45 25 232
45 26 120
45 27 12
45 28 242
45 29 292
45 30 73
45 31 363
45 32 74
45 33 77
45 34 270
45 36 234
45 37 91
45 38 160
45 39 385
45 42 23
45 43 375
45 44 5
45 46 345
45 47 69
45 48 381
45 49 355
45 50 277
45 53 4
45 54 4
46 0 217
46 1 215
46 2 237
46 3 294
46 4 313
46 5 335
46 6 273
46 7 125
46 9 133
46 10 241
46 11 266
46 12 341
46 13 350
46 14 151
46 15 219
46 17 318
46 18 230
46 19 317
46 20 1
46 21 18
46 22 330
46 23 117
46 24 213
46 25 125
46 26 50
46 27 1
46 28 336
46 29 411
46 30 284
46 31 287
46 33 307
46 34 192
46 35 399
46 37 127
46 38 291
46 39 406
46 40 287
46 41 366
46 42 370
46 43 289
46 45 307
46 48 407
46 49 404
46 52 2
46 53 2
46 54 2
47 1 297
47 2 204
47 6 238
47 7 206
47 8 4
47 9 223
47 10 1
47 11 215
47 12 194
47 13 2
47 14 342
47 15 324
47 16 1
47 17 5
47 18 83
47 20 288
47 21 363
47 23 183
47 24 233
47 25 358
47 26 357
47 27 357
47 28 289
47 29 405
47 30 230
47 33 251
47 36 314
47 37 78
47 38 105
47 39 381
47 40 102
47 41 247
47 42 246
47 43 1
47 48 384
47 50 320
47 53 320
47 54 372
48 0 267
48 1 233
48 2 92
48 3 233
48 4 103
48 6 117
48 7 144
48 10 362
48 11 179
48 13 408
48 14 382
48 16 393
48 17 404
48 18 408
48 19 411
48 24 401
48 30 137
48 33 367
48 36 245
48 39 199
48 40 156
48 41 188
48 42 233
48 43 349
48 44 410
48 45 410
48 46 400
48 47 375
49 0 117
49 1 184
49 2 271
49 3 2
49 5 297
49 6 90
49 7 98
49 8 373
49 9 381
49 11 211
49 12 176
49 13 135
49 14 221
49 16 400
49 17 294
49 18 332
49 19 304
49 20 375
49 21 332
49 22 152
49 24 387
49 26 311
49 28 74
49 29 1
49 30 3
49 31 2
49 32 1
49 33 323
49 34 4
49 35 1
49 36 77
49 37 104
49 38 65
49 40 143
49 42 278
49 44 306
49 45 304
49 46 404
49 50 139
49 53 381
50 0 126
50 1 264
50 3 2
50 6 10
50 7 215
50 8 316
50 9 13
50 12 272
50 13 13
50 14 296
50 16 387
50 17 301
50 19 317
50 20 322
50 24 354
50 26 183
50 28 1
50 29 1
50 30 66
50 31 2
50 32 1
50 33 24
50 34 3
50 35 26
50 36 1
50 37 210
50 38 254
50 40 10
50 42 223
50 45 312
50 47 388
50 49 42
50 53 343
51 3 242
51 11 6
51 20 1
51 21 3
51 22 6
51 23 253
51 28 198
51 31 210
51 34 5
51 52 2
51 53 2
52 3 206
52 20 113
52 21 11
52 22 14
52 23 217
52 24 196
52 28 145
52 29 333
52 31 190
52 34 12
52 46 3
52 51 2
52 53 1
53 0 9
53 1 331
53 3 264
53 5 284
53 9 245
53 10 391
53 11 189
53 12 320
53 13 305
53 15 213
53 16 273
53 19 87
53 20 1
53 21 1
53 22 8
53 23 207
53 24 23
53 25 8
53 26 4
53 28 126
53 29 311
53 30 241
53 31 171
53 33 237
53 34 5
53 36 238
53 37 367
53 38 395
53 40 176
53 41 310
53 44 104
53 45 109
53 46 124
53 47 347
53 49 346
53 50 174
53 51 1
53 52 1
54 0 327
54 1 327
54 2 258
54 3 276
54 6 6
54 7 5
54 8 133
54 9 237
54 10 371
54 12 9
54 13 287
54 14 246
54 15 168
54 16 1
54 17 2
54 18 222
54 19 3
54 22 164
54 24 124
54 27 1
54 28 326
54 29 387
54 30 385
54 31 276
54 32 244
54 33 344
54 34 83
54 37 398
54 38 412
54 42 352
54 44 43
54 45 3
54 46 217
54 47 274
